경매시간,품목(품종),규격(전체),경락가,거래량
0,새송이(기타),1kg,1500,24
0,새송이(새송이버섯(일반)),1kg,1473,1
11/16 12:55:12,새송이(새송이버섯(일반)),1kg,2125,10
11/16 12:53:48,새송이(새송이버섯(일반)),1kg,2125,10
11/16 12:53:48,새송이(새송이버섯(일반)),1kg,2125,30
11/16 12:53:48,새송이(새송이버섯(일반)),1kg,2125,30
11/16 12:53:48,새송이(새송이버섯(일반)),1kg,2000,50
11/16 12:53:48,새송이(새송이버섯(일반)),1kg,2125,40
11/16 12:49:07,새송이(새송이버섯(일반)),1kg,4220,54
11/16 12:47:29,새송이(새송이버섯(일반)),1kg,2110,8
11/16 12:33:16,새송이(새송이버섯(일반)),1kg,3250,5
11/16 12:33:16,새송이(새송이버섯(일반)),1kg,3250,10
11/16 12:33:15,새송이(새송이버섯(일반)),1kg,3750,10
11/16 12:33:15,새송이(새송이버섯(일반)),1kg,3750,5
11/16 12:33:15,새송이(새송이버섯(일반)),1kg,3750,10
11/16 12:33:14,새송이(새송이버섯(일반)),1kg,3750,10
11/16 12:31:16,새송이(새송이버섯(일반)),1kg,2000,5
11/16 12:31:16,새송이(새송이버섯(일반)),1kg,2000,10
11/16 12:31:15,새송이(새송이버섯(일반)),1kg,2000,90
11/16 12:31:15,새송이(새송이버섯(일반)),1kg,2000,55
11/16 12:31:00,새송이(새송이버섯(일반)),1kg,2000,80
11/16 12:30:27,새송이(새송이버섯(일반)),1kg,1875,10
11/16 12:30:26,새송이(새송이버섯(일반)),1kg,1875,20
11/16 12:30:26,새송이(새송이버섯(일반)),1kg,1875,10
11/16 12:30:26,새송이(새송이버섯(일반)),1kg,1875,10
11/16 12:30:25,새송이(새송이버섯(일반)),1kg,1875,70
11/16 12:21:44,새송이(새송이버섯(일반)),1kg,4250,1
11/16 12:21:44,새송이(새송이버섯(일반)),1kg,3125,2
11/16 12:21:44,새송이(새송이버섯(일반)),1kg,233,30
11/16 12:21:44,새송이(새송이버섯(일반)),1kg,2000,6
11/16 12:20:28,새송이(새송이버섯(일반)),1kg,900,25
11/16 12:20:22,새송이(새송이버섯(일반)),1kg,2800,10
11/16 12:20:17,새송이(새송이버섯(일반)),1kg,500,78
11/16 12:20:10,새송이(새송이버섯(일반)),1kg,950,102
11/16 12:20:03,새송이(새송이버섯(일반)),1kg,3300,72
11/16 12:19:57,새송이(새송이버섯(일반)),1kg,2200,12
11/16 12:19:54,새송이(새송이버섯(일반)),1kg,2175,12
11/16 12:19:52,새송이(새송이버섯(일반)),1kg,2150,13
11/16 12:19:49,새송이(새송이버섯(일반)),1kg,2125,13
11/16 12:19:44,새송이(새송이버섯(일반)),1kg,2650,63
11/16 12:19:39,새송이(새송이버섯(일반)),1kg,2800,36
11/16 12:19:30,새송이(새송이버섯(일반)),1kg,3100,59
11/16 12:19:28,새송이(새송이버섯(일반)),1kg,3150,60
11/16 12:19:06,새송이(새송이버섯(일반)),1kg,3300,60
11/16 12:17:53,새송이(새송이버섯(일반)),1kg,2400,60
11/16 12:17:50,새송이(새송이버섯(일반)),1kg,2400,60
11/16 12:17:42,새송이(새송이버섯(일반)),1kg,3250,60
11/16 12:17:40,새송이(새송이버섯(일반)),1kg,3250,60
11/16 12:17:38,새송이(새송이버섯(일반)),1kg,900,25
11/16 12:17:34,새송이(새송이버섯(일반)),1kg,3300,60
11/16 12:17:32,새송이(새송이버섯(일반)),1kg,3300,60
11/16 12:17:24,새송이(새송이버섯(일반)),1kg,2425,30
11/16 12:17:22,새송이(새송이버섯(일반)),1kg,2425,30
11/16 12:17:20,새송이(새송이버섯(일반)),1kg,2425,30
11/16 12:17:18,새송이(새송이버섯(일반)),1kg,2425,30
11/16 12:17:16,새송이(새송이버섯(일반)),1kg,2400,30
11/16 12:17:13,새송이(새송이버섯(일반)),1kg,2250,6
11/16 12:17:10,새송이(새송이버섯(일반)),1kg,1150,80
11/16 12:17:08,새송이(새송이버섯(일반)),1kg,1150,80
11/16 12:17:08,새송이(새송이버섯(일반)),1kg,3250,24
11/16 12:17:06,새송이(새송이버섯(일반)),1kg,1150,80
11/16 12:17:04,새송이(새송이버섯(일반)),1kg,1150,80
11/16 12:17:02,새송이(새송이버섯(일반)),1kg,1150,80
11/16 12:15:51,새송이(새송이버섯(일반)),1kg,2000,3
11/16 12:15:51,새송이(새송이버섯(일반)),1kg,2000,3
11/16 12:15:51,새송이(새송이버섯(일반)),1kg,2125,50
11/16 12:15:51,새송이(새송이버섯(일반)),1kg,2125,10
11/16 12:15:51,새송이(새송이버섯(일반)),1kg,2125,25
11/16 12:15:51,새송이(새송이버섯(일반)),1kg,2125,10
11/16 12:15:51,새송이(새송이버섯(일반)),1kg,2125,10
11/16 12:15:51,새송이(새송이버섯(일반)),1kg,2125,10
11/16 12:15:51,새송이(새송이버섯(일반)),1kg,2125,20
11/16 12:15:51,새송이(새송이버섯(일반)),1kg,2125,10
11/16 12:15:51,새송이(새송이버섯(일반)),1kg,2125,20
11/16 12:15:51,새송이(새송이버섯(일반)),1kg,2000,5
11/16 12:15:51,새송이(새송이버섯(일반)),1kg,2125,10
11/16 12:15:51,새송이(새송이버섯(일반)),1kg,2125,10
11/16 12:15:51,새송이(새송이버섯(일반)),1kg,2125,40
11/16 12:15:51,새송이(새송이버섯(일반)),1kg,2125,20
11/16 12:15:51,새송이(새송이버섯(일반)),1kg,2125,5
11/16 12:15:14,새송이(새송이버섯(일반)),1kg,2000,31
11/16 12:15:09,새송이(새송이버섯(일반)),1kg,2550,35
11/16 12:15:04,새송이(새송이버섯(일반)),1kg,2650,60
11/16 12:14:37,새송이(새송이버섯(일반)),1kg,2000,5
11/16 12:14:34,새송이(새송이버섯(일반)),1kg,2650,3
11/16 12:14:29,새송이(새송이버섯(일반)),1kg,2900,11
11/16 12:14:25,새송이(새송이버섯(일반)),1kg,3100,30
11/16 12:14:19,새송이(새송이버섯(일반)),1kg,3250,64
11/16 12:14:17,새송이(새송이버섯(일반)),1kg,3250,64
11/16 12:14:13,새송이(새송이버섯(일반)),1kg,3300,64
11/16 12:14:11,새송이(새송이버섯(일반)),1kg,3300,64
11/16 12:14:09,새송이(새송이버섯(일반)),1kg,3250,64
11/16 12:14:05,새송이(새송이버섯(일반)),1kg,2850,30
11/16 12:14:00,새송이(새송이버섯(일반)),1kg,3000,50
11/16 12:13:54,새송이(새송이버섯(일반)),1kg,3200,60
11/16 12:13:52,새송이(새송이버섯(일반)),1kg,3200,60
11/16 12:13:50,새송이(새송이버섯(일반)),1kg,3200,60
11/16 12:13:47,새송이(새송이버섯(일반)),1kg,3150,60
11/16 12:13:41,새송이(새송이버섯(일반)),1kg,800,28
11/16 12:13:36,새송이(새송이버섯(일반)),1kg,2850,7
11/16 12:13:28,새송이(새송이버섯(일반)),1kg,1800,12
11/16 12:13:16,새송이(새송이버섯(일반)),1kg,675,18
11/16 12:13:12,새송이(새송이버섯(일반)),1kg,2675,12
11/16 12:13:09,새송이(새송이버섯(일반)),1kg,2675,12
11/16 12:13:07,새송이(새송이버섯(일반)),1kg,2675,13
11/16 12:13:01,새송이(새송이버섯(일반)),1kg,2700,13
11/16 12:12:56,새송이(새송이버섯(일반)),1kg,2700,65
11/16 12:12:47,새송이(새송이버섯(일반)),1kg,2000,12
11/16 12:12:35,새송이(새송이버섯(일반)),1kg,3000,6
11/16 12:12:31,새송이(새송이버섯(일반)),1kg,3100,60
11/16 12:12:25,새송이(새송이버섯(일반)),1kg,3400,60
11/16 12:12:23,새송이(새송이버섯(일반)),1kg,3400,60
11/16 12:12:20,새송이(새송이버섯(일반)),1kg,3400,60
11/16 12:12:18,새송이(새송이버섯(일반)),1kg,3400,60
11/16 12:12:16,새송이(새송이버섯(일반)),1kg,3350,60
11/16 12:11:46,새송이(새송이버섯(일반)),1kg,1100,90
11/16 12:11:23,새송이(새송이버섯(일반)),1kg,1250,76
11/16 12:11:17,새송이(새송이버섯(일반)),1kg,1150,70
11/16 12:11:09,새송이(새송이버섯(일반)),1kg,2750,60
11/16 12:11:05,새송이(새송이버섯(일반)),1kg,2800,60
11/16 12:11:05,새송이(새송이버섯(일반)),1kg,1200,70
11/16 12:11:01,새송이(새송이버섯(일반)),1kg,2250,9
11/16 12:10:55,새송이(새송이버섯(일반)),1kg,2350,9
11/16 12:10:49,새송이(새송이버섯(일반)),1kg,2400,6
11/16 12:10:47,새송이(새송이버섯(일반)),1kg,3050,60
11/16 12:10:40,새송이(새송이버섯(일반)),1kg,3100,60
11/16 12:10:38,새송이(새송이버섯(일반)),1kg,195,200
11/16 12:10:33,새송이(새송이버섯(일반)),1kg,195,200
11/16 12:10:29,새송이(새송이버섯(일반)),1kg,3450,108
11/16 12:10:26,새송이(새송이버섯(일반)),1kg,3400,108
11/16 12:10:24,새송이(새송이버섯(일반)),1kg,3450,108
11/16 12:10:13,새송이(새송이버섯(일반)),1kg,3400,108
11/16 12:06:19,새송이(새송이버섯(일반)),1kg,2833,60
11/16 12:03:43,새송이(새송이버섯(일반)),1kg,750,29
11/16 12:02:45,새송이(새송이버섯(일반)),1kg,2350,33
11/16 12:02:34,새송이(새송이버섯(일반)),1kg,3500,96
11/16 12:02:27,새송이(새송이버섯(일반)),1kg,3500,96
11/16 12:02:08,새송이(새송이버섯(일반)),1kg,3600,50
11/16 12:02:00,새송이(새송이버섯(일반)),1kg,3700,50
11/16 12:01:51,새송이(새송이버섯(일반)),1kg,3650,50
11/16 12:01:42,새송이(새송이버섯(일반)),1kg,202,360
11/16 12:01:35,새송이(새송이버섯(일반)),1kg,205,360
11/16 12:01:27,새송이(새송이버섯(일반)),1kg,205,360
11/16 12:01:20,새송이(새송이버섯(일반)),1kg,202,360
11/16 11:56:29,새송이(새송이버섯(일반)),1kg,750,30
11/16 11:56:22,새송이(새송이버섯(일반)),1kg,2750,40
11/16 11:56:16,새송이(새송이버섯(일반)),1kg,1650,6
11/16 11:56:10,새송이(새송이버섯(일반)),1kg,2600,50
11/16 11:55:59,새송이(새송이버섯(일반)),1kg,3366,10
11/16 11:55:56,새송이(새송이버섯(일반)),1kg,3266,10
11/16 11:55:53,새송이(새송이버섯(일반)),1kg,3200,10
11/16 11:54:40,새송이(새송이버섯(일반)),1kg,1000,10
11/16 11:54:35,새송이(새송이버섯(일반)),1kg,650,50
11/16 11:54:31,새송이(새송이버섯(일반)),1kg,650,50
11/16 11:54:24,새송이(새송이버섯(일반)),1kg,1050,10
11/16 11:54:18,새송이(새송이버섯(일반)),1kg,1750,8
11/16 11:54:10,새송이(새송이버섯(일반)),1kg,2500,31
11/16 11:54:04,새송이(새송이버섯(일반)),1kg,3150,42
11/16 11:54:00,새송이(새송이버섯(일반)),1kg,3150,42
11/16 11:53:56,새송이(새송이버섯(일반)),1kg,3150,43
11/16 11:53:53,새송이(새송이버섯(일반)),1kg,3150,43
11/16 11:52:05,새송이(새송이버섯(일반)),1kg,2766,14
11/16 11:51:58,새송이(새송이버섯(일반)),1kg,2666,15
11/16 11:51:56,새송이(새송이버섯(일반)),1kg,2600,15
11/16 11:42:38,새송이(새송이버섯(일반)),1kg,1300,54
11/16 11:42:34,새송이(새송이버섯(일반)),1kg,1300,54
11/16 11:42:21,새송이(새송이버섯(일반)),1kg,3300,30
11/16 11:42:16,새송이(새송이버섯(일반)),1kg,3200,30
11/16 11:42:02,새송이(새송이버섯(일반)),1kg,3550,40
11/16 11:41:52,새송이(새송이버섯(일반)),1kg,750,18
11/16 11:41:44,새송이(새송이버섯(일반)),1kg,1400,60
11/16 11:41:29,새송이(새송이버섯(일반)),1kg,1300,60
11/16 11:41:18,새송이(새송이버섯(일반)),1kg,1200,60
11/16 11:40:55,새송이(새송이버섯(일반)),1kg,1400,48
11/16 11:40:45,새송이(새송이버섯(일반)),1kg,3100,50
11/16 11:40:41,새송이(새송이버섯(일반)),1kg,3100,50
11/16 11:40:37,새송이(새송이버섯(일반)),1kg,3050,50
11/16 11:40:34,새송이(새송이버섯(일반)),1kg,3000,50
11/16 11:33:01,새송이(새송이버섯(일반)),1kg,2375,5
11/16 11:32:55,새송이(새송이버섯(일반)),1kg,2375,5
11/16 11:08:43,새송이(새송이버섯(일반)),1kg,600,64
11/16 11:08:33,새송이(새송이버섯(일반)),1kg,1300,50
11/16 11:08:30,새송이(새송이버섯(일반)),1kg,1300,50
11/16 11:08:21,새송이(새송이버섯(일반)),1kg,2150,10
11/16 11:08:13,새송이(새송이버섯(일반)),1kg,2350,50
11/16 11:08:04,새송이(새송이버섯(일반)),1kg,3000,6
11/16 11:07:58,새송이(새송이버섯(일반)),1kg,2850,50
11/16 11:07:50,새송이(새송이버섯(일반)),1kg,3100,50
11/16 10:57:41,새송이(새송이버섯(일반)),1kg,4000,10
11/16 09:55:03,새송이(새송이버섯(일반)),1kg,2000,30
11/16 09:55:01,새송이(기타),1kg,2250,5
11/16 09:55:01,새송이(기타),1kg,2250,1
11/16 09:55:01,새송이(기타),1kg,2250,10
11/16 09:55:00,새송이(기타),1kg,2250,15
11/16 09:55:00,새송이(기타),1kg,2250,5
11/16 09:55:00,새송이(기타),1kg,2250,5
11/16 09:49:38,새송이(새송이버섯(일반)),1kg,2250,50
11/16 09:13:16,새송이(새송이버섯(일반)),1kg,1800,90
11/16 08:15:46,새송이(새송이버섯(일반)),1kg,225,30
11/16 08:15:46,새송이(새송이버섯(일반)),1kg,225,100
11/16 08:15:46,새송이(새송이버섯(일반)),1kg,225,200
11/16 08:15:46,새송이(새송이버섯(일반)),1kg,225,20
11/16 08:15:46,새송이(새송이버섯(일반)),1kg,225,50
11/16 08:15:46,새송이(새송이버섯(일반)),1kg,225,200
11/16 08:15:46,새송이(새송이버섯(일반)),1kg,225,30
11/16 08:15:37,새송이(새송이버섯(일반)),1kg,2250,4
11/16 08:15:37,새송이(새송이버섯(일반)),1kg,3150,40
11/16 08:15:37,새송이(새송이버섯(일반)),1kg,3150,40
11/16 08:15:31,새송이(새송이버섯(일반)),1kg,3500,28
11/16 08:15:31,새송이(새송이버섯(일반)),1kg,3200,12
11/16 08:15:31,새송이(새송이버섯(일반)),1kg,2250,12
11/16 08:15:31,새송이(새송이버섯(일반)),1kg,3500,40
11/16 08:15:31,새송이(새송이버섯(일반)),1kg,2850,24
11/16 08:15:31,새송이(새송이버섯(일반)),1kg,2000,8
11/16 08:15:28,새송이(새송이버섯(일반)),1kg,3150,4
11/16 08:15:28,새송이(새송이버섯(일반)),1kg,900,20
11/16 08:15:28,새송이(새송이버섯(일반)),1kg,900,5
11/16 08:15:28,새송이(새송이버섯(일반)),1kg,900,40
11/16 08:15:28,새송이(새송이버섯(일반)),1kg,2250,8
11/16 08:15:28,새송이(새송이버섯(일반)),1kg,900,5
11/16 08:15:28,새송이(새송이버섯(일반)),1kg,900,10
11/16 08:15:28,새송이(새송이버섯(일반)),1kg,900,5
11/16 08:15:28,새송이(새송이버섯(일반)),1kg,2250,32
11/16 08:15:28,새송이(새송이버섯(일반)),1kg,900,35
11/16 08:15:28,새송이(새송이버섯(일반)),1kg,900,10
11/16 08:15:28,새송이(새송이버섯(일반)),1kg,2250,8
11/16 08:15:28,새송이(새송이버섯(일반)),1kg,900,20
11/16 08:15:25,새송이(새송이버섯(일반)),1kg,3150,40
11/16 08:15:25,새송이(새송이버섯(일반)),1kg,3150,80
11/16 08:15:25,새송이(새송이버섯(일반)),1kg,3150,44
11/16 08:15:25,새송이(새송이버섯(일반)),1kg,3150,80
11/16 08:15:25,새송이(새송이버섯(일반)),1kg,3150,40
11/16 08:15:25,새송이(새송이버섯(일반)),1kg,3150,44
11/16 08:15:25,새송이(새송이버섯(일반)),1kg,3000,8
11/16 08:15:25,새송이(새송이버섯(일반)),1kg,3150,20
11/16 08:15:25,새송이(새송이버섯(일반)),1kg,3150,16
11/16 08:15:25,새송이(새송이버섯(일반)),1kg,3150,12
11/16 08:15:25,새송이(새송이버섯(일반)),1kg,3150,12
11/16 08:15:24,새송이(새송이버섯(일반)),1kg,3500,8
11/16 08:15:24,새송이(새송이버섯(일반)),1kg,3500,8
11/16 08:15:24,새송이(새송이버섯(일반)),1kg,3500,32
11/16 08:15:24,새송이(새송이버섯(일반)),1kg,3500,32
11/16 07:15:14,새송이(새송이버섯(일반)),1kg,2150,40
11/16 07:15:14,새송이(새송이버섯(일반)),1kg,2100,40
11/16 07:15:14,새송이(새송이버섯(일반)),1kg,2500,40
11/16 07:15:14,새송이(새송이버섯(일반)),1kg,2550,40
11/16 07:15:14,새송이(새송이버섯(일반)),1kg,2500,40
11/16 07:15:14,새송이(새송이버섯(일반)),1kg,2400,40
11/16 07:07:47,새송이(새송이버섯(일반)),1kg,3450,11
11/16 07:07:47,새송이(새송이버섯(일반)),1kg,3450,11
11/16 07:07:27,새송이(새송이버섯(일반)),1kg,21500,11
11/16 07:07:20,새송이(새송이버섯(일반)),1kg,3600,77
11/16 07:07:20,새송이(새송이버섯(일반)),1kg,3600,77
11/16 07:06:55,새송이(새송이버섯(일반)),1kg,1000,60
11/16 07:06:55,새송이(새송이버섯(일반)),1kg,1000,60
11/16 07:06:42,새송이(새송이버섯(일반)),1kg,350,18
11/16 07:06:38,새송이(새송이버섯(일반)),1kg,750,5
11/16 07:06:33,새송이(새송이버섯(일반)),1kg,1250,35
11/16 07:06:33,새송이(새송이버섯(일반)),1kg,1250,48
11/16 07:06:26,새송이(새송이버섯(일반)),1kg,1600,24
11/16 07:06:26,새송이(새송이버섯(일반)),1kg,1600,24
11/16 07:06:17,새송이(새송이버섯(일반)),1kg,2100,113
11/16 07:06:17,새송이(새송이버섯(일반)),1kg,2100,113
11/16 07:06:07,새송이(새송이버섯(일반)),1kg,1750,10
11/16 07:06:07,새송이(새송이버섯(일반)),1kg,2500,47
11/16 07:06:07,새송이(새송이버섯(일반)),1kg,2500,47
11/16 07:06:03,새송이(새송이버섯(일반)),1kg,2100,15
11/16 07:05:59,새송이(새송이버섯(일반)),1kg,2500,36
11/16 07:05:26,새송이(새송이버섯(일반)),1kg,2850,48
11/16 07:04:18,새송이(새송이버섯(일반)),1kg,2375,10
11/16 07:04:15,새송이(새송이버섯(일반)),1kg,2375,10
11/16 07:03:48,새송이(새송이버섯(일반)),1kg,1250,20
11/16 07:03:46,새송이(새송이버섯(일반)),1kg,1300,20
11/16 07:03:43,새송이(새송이버섯(일반)),1kg,1300,20
11/16 07:03:40,새송이(새송이버섯(일반)),1kg,1300,20
11/16 07:03:35,새송이(새송이버섯(일반)),1kg,2250,20
11/16 07:03:29,새송이(새송이버섯(일반)),1kg,3000,31
11/16 07:03:06,새송이(새송이버섯(일반)),1kg,3100,31
11/16 07:02:57,새송이(새송이버섯(일반)),1kg,3300,29
11/16 07:02:52,새송이(새송이버섯(일반)),1kg,3350,29
11/16 06:55:49,새송이(새송이버섯(일반)),1kg,2500,1
11/16 06:44:15,새송이(새송이버섯(일반)),1kg,2150,40
11/16 06:42:59,새송이(새송이버섯(일반)),1kg,1400,8
11/16 06:42:54,새송이(새송이버섯(일반)),1kg,2500,6
11/16 06:42:51,새송이(새송이버섯(일반)),1kg,3000,10
11/16 06:42:51,새송이(새송이버섯(일반)),1kg,3000,20
11/16 06:42:50,새송이(새송이버섯(일반)),1kg,3000,20
11/16 06:42:37,새송이(새송이버섯(일반)),1kg,1400,10
11/16 06:42:34,새송이(새송이버섯(일반)),1kg,2600,4
11/16 06:42:31,새송이(새송이버섯(일반)),1kg,3150,20
11/16 06:42:31,새송이(새송이버섯(일반)),1kg,3150,20
11/16 06:42:29,새송이(새송이버섯(일반)),1kg,3150,20
11/16 06:22:14,새송이(새송이버섯(일반)),1kg,2250,15
11/16 06:22:14,새송이(새송이버섯(일반)),1kg,2250,15
11/16 06:22:06,새송이(새송이버섯(일반)),1kg,2275,15
11/16 06:22:06,새송이(새송이버섯(일반)),1kg,2275,15
11/16 06:06:26,새송이(새송이버섯(일반)),1kg,2000,1
11/16 06:01:14,새송이(새송이버섯(일반)),1kg,1800,1
11/16 06:01:14,새송이(새송이버섯(일반)),1kg,800,1
11/16 05:51:21,새송이(새송이버섯(일반)),1kg,1500,12
11/16 05:51:21,새송이(새송이버섯(일반)),1kg,1500,12
11/16 05:51:17,새송이(새송이버섯(일반)),1kg,3550,18
11/16 05:51:17,새송이(새송이버섯(일반)),1kg,3550,18
11/16 05:51:13,새송이(새송이버섯(일반)),1kg,3500,36
11/16 05:51:13,새송이(새송이버섯(일반)),1kg,3500,36
11/16 05:51:06,새송이(새송이버섯(일반)),1kg,1650,10
11/16 05:51:06,새송이(새송이버섯(일반)),1kg,1650,10
11/16 05:51:00,새송이(새송이버섯(일반)),1kg,3500,16
11/16 05:51:00,새송이(새송이버섯(일반)),1kg,3500,16
11/16 05:50:56,새송이(새송이버섯(일반)),1kg,3800,16
11/16 05:50:56,새송이(새송이버섯(일반)),1kg,3800,16
11/16 05:50:51,새송이(새송이버섯(일반)),1kg,3650,48
11/16 05:50:51,새송이(새송이버섯(일반)),1kg,3650,48
11/16 05:40:51,새송이(새송이버섯(일반)),1kg,1200,78
11/16 05:40:44,새송이(새송이버섯(일반)),1kg,2350,192
11/16 05:40:34,새송이(새송이버섯(일반)),1kg,2800,192
11/16 05:40:26,새송이(새송이버섯(일반)),1kg,3300,30
11/16 05:40:20,새송이(새송이버섯(일반)),1kg,235,200
11/16 05:40:13,새송이(새송이버섯(일반)),1kg,260,600
11/16 05:40:04,새송이(새송이버섯(일반)),1kg,1650,12
11/16 05:39:58,새송이(새송이버섯(일반)),1kg,2150,28
11/16 05:39:51,새송이(새송이버섯(일반)),1kg,1950,12
11/16 05:39:46,새송이(새송이버섯(일반)),1kg,2650,6
11/16 05:39:36,새송이(새송이버섯(일반)),1kg,3300,60
11/16 05:39:30,새송이(새송이버섯(일반)),1kg,3500,90
11/16 05:39:25,새송이(새송이버섯(일반)),1kg,3700,90
11/16 05:39:18,새송이(새송이버섯(일반)),1kg,1750,10
11/16 05:39:13,새송이(새송이버섯(일반)),1kg,1500,14
11/16 05:39:07,새송이(새송이버섯(일반)),1kg,1650,17
11/16 05:39:01,새송이(새송이버섯(일반)),1kg,1950,6
11/16 05:38:55,새송이(새송이버섯(일반)),1kg,1750,6
11/16 05:38:48,새송이(새송이버섯(일반)),1kg,2950,96
11/16 05:38:40,새송이(새송이버섯(일반)),1kg,3200,63
11/16 05:38:33,새송이(새송이버섯(일반)),1kg,3450,45
11/16 05:38:26,새송이(새송이버섯(일반)),1kg,1150,117
11/16 05:38:19,새송이(새송이버섯(일반)),1kg,2500,60
11/16 05:38:02,새송이(새송이버섯(일반)),1kg,550,29
11/16 05:37:55,새송이(새송이버섯(일반)),1kg,750,13
11/16 05:37:46,새송이(새송이버섯(일반)),1kg,1650,18
11/16 05:37:39,새송이(새송이버섯(일반)),1kg,247,800
11/16 05:37:33,새송이(새송이버섯(일반)),1kg,242,800
11/16 05:36:01,새송이(새송이버섯(일반)),1kg,240,500
11/16 05:35:54,새송이(새송이버섯(일반)),1kg,270,800
11/16 05:35:47,새송이(새송이버섯(일반)),1kg,262,800
11/16 05:35:40,새송이(새송이버섯(일반)),1kg,1150,240
11/16 05:35:33,새송이(새송이버섯(일반)),1kg,1250,40
11/16 05:35:27,새송이(새송이버섯(일반)),1kg,3000,10
11/16 05:33:52,새송이(새송이버섯(일반)),1kg,3250,30
11/16 05:33:46,새송이(새송이버섯(일반)),1kg,3300,30
11/16 05:33:39,새송이(새송이버섯(일반)),1kg,3550,30
11/16 05:33:22,새송이(새송이버섯(일반)),1kg,2550,38
11/16 05:33:16,새송이(새송이버섯(일반)),1kg,2900,80
11/16 05:33:09,새송이(새송이버섯(일반)),1kg,3050,82
11/16 05:32:53,새송이(새송이버섯(일반)),1kg,3200,72
11/16 05:32:46,새송이(새송이버섯(일반)),1kg,1500,54
11/16 05:32:40,새송이(새송이버섯(일반)),1kg,1300,17
11/16 05:32:33,새송이(새송이버섯(일반)),1kg,1650,13
11/16 05:32:26,새송이(새송이버섯(일반)),1kg,3000,15
11/16 05:32:24,새송이(새송이버섯(일반)),1kg,1650,30
11/16 05:32:24,새송이(새송이버섯(일반)),1kg,237,30
11/16 05:32:24,새송이(새송이버섯(일반)),1kg,3800,25
11/16 05:32:24,새송이(새송이버섯(일반)),1kg,1600,20
11/16 05:16:36,새송이(새송이버섯(일반)),1kg,2000,10
11/16 05:16:31,새송이(새송이버섯(일반)),1kg,3000,6
11/16 05:16:25,새송이(새송이버섯(일반)),1kg,4150,4
11/16 05:16:20,새송이(새송이버섯(일반)),1kg,4050,16
11/16 05:16:14,새송이(새송이버섯(일반)),1kg,3900,72
11/16 05:16:06,새송이(새송이버섯(일반)),1kg,2050,30
11/16 05:16:00,새송이(새송이버섯(일반)),1kg,2900,10
11/16 05:15:53,새송이(새송이버섯(일반)),1kg,3500,36
11/16 05:15:12,새송이(새송이버섯(일반)),1kg,1500,20
11/16 05:15:08,새송이(새송이버섯(일반)),1kg,3200,30
11/16 05:15:05,새송이(새송이버섯(일반)),1kg,3200,30
11/16 05:14:58,새송이(새송이버섯(일반)),1kg,2750,10
11/16 05:14:42,새송이(새송이버섯(일반)),1kg,750,12
11/16 05:14:31,새송이(새송이버섯(일반)),1kg,1900,40
11/16 05:14:28,새송이(새송이버섯(일반)),1kg,2250,5
11/16 05:14:27,새송이(새송이버섯(일반)),1kg,1400,30
11/16 05:14:23,새송이(새송이버섯(일반)),1kg,2000,5
11/16 05:14:14,새송이(새송이버섯(일반)),1kg,2750,20
11/16 05:14:07,새송이(새송이버섯(일반)),1kg,3550,40
11/16 05:14:06,새송이(새송이버섯(일반)),1kg,2250,7
11/16 05:14:03,새송이(새송이버섯(일반)),1kg,3550,40
11/16 05:13:58,새송이(새송이버섯(일반)),1kg,3450,10
11/16 05:13:49,새송이(새송이버섯(일반)),1kg,900,12
11/16 05:13:46,새송이(새송이버섯(일반)),1kg,2900,13
11/16 05:13:45,새송이(새송이버섯(일반)),1kg,1600,30
11/16 05:13:40,새송이(새송이버섯(일반)),1kg,2250,5
11/16 05:13:36,새송이(새송이버섯(일반)),1kg,2500,2
11/16 05:13:32,새송이(새송이버섯(일반)),1kg,2900,8
11/16 05:13:30,새송이(새송이버섯(일반)),1kg,3450,31
11/16 05:13:28,새송이(새송이버섯(일반)),1kg,3300,14
11/16 05:13:22,새송이(새송이버섯(일반)),1kg,3500,20
11/16 05:13:18,새송이(새송이버섯(일반)),1kg,4000,52
11/16 05:12:37,새송이(새송이버섯(일반)),1kg,2125,5
11/16 05:12:37,새송이(새송이버섯(일반)),1kg,2125,5
11/16 05:12:37,새송이(새송이버섯(일반)),1kg,2125,15
11/16 05:12:37,새송이(새송이버섯(일반)),1kg,2125,5
11/16 05:12:37,새송이(새송이버섯(일반)),1kg,2125,5
11/16 05:12:37,새송이(새송이버섯(일반)),1kg,2125,3
11/16 05:12:37,새송이(새송이버섯(일반)),1kg,2125,10
11/16 05:12:37,새송이(새송이버섯(일반)),1kg,2125,3
11/16 05:12:37,새송이(새송이버섯(일반)),1kg,2125,3
11/16 05:12:37,새송이(새송이버섯(일반)),1kg,2125,3
11/16 05:12:37,새송이(새송이버섯(일반)),1kg,2125,5
11/16 05:12:37,새송이(새송이버섯(일반)),1kg,2125,3
11/16 05:12:37,새송이(새송이버섯(일반)),1kg,2125,10
11/16 05:12:36,새송이(새송이버섯(일반)),1kg,2125,5
11/16 05:12:33,새송이(새송이버섯(일반)),1kg,3500,15
11/16 05:12:33,새송이(새송이버섯(일반)),1kg,3500,8
11/16 05:12:33,새송이(새송이버섯(일반)),1kg,3500,30
11/16 05:12:33,새송이(새송이버섯(일반)),1kg,3500,8
11/16 05:12:33,새송이(새송이버섯(일반)),1kg,3500,20
11/16 05:12:33,새송이(새송이버섯(일반)),1kg,3500,5
11/16 05:12:33,새송이(새송이버섯(일반)),1kg,3500,10
11/16 05:04:30,새송이(새송이버섯(일반)),1kg,2750,22
11/16 05:04:28,새송이(새송이버섯(일반)),1kg,2600,47
11/16 05:04:26,새송이(새송이버섯(일반)),1kg,2400,24
11/16 05:04:23,새송이(새송이버섯(일반)),1kg,2400,9
11/16 05:04:22,새송이(새송이버섯(일반)),1kg,2650,10
11/16 04:49:12,새송이(새송이버섯(일반)),1kg,2750,15
11/16 04:48:49,새송이(새송이버섯(일반)),1kg,3850,30
11/16 04:46:45,새송이(새송이버섯(일반)),1kg,2915,50
11/16 04:31:01,새송이(새송이버섯(일반)),1kg,1650,44
11/16 04:30:38,새송이(새송이버섯(일반)),1kg,3300,33
11/16 04:30:30,새송이(새송이버섯(일반)),1kg,3600,60
11/16 04:30:23,새송이(새송이버섯(일반)),1kg,3700,60
11/16 04:30:18,새송이(새송이버섯(일반)),1kg,3650,60
11/16 04:30:12,새송이(새송이버섯(일반)),1kg,3550,57
11/16 04:30:04,새송이(새송이버섯(일반)),1kg,255,110
11/16 04:30:00,새송이(새송이버섯(일반)),1kg,252,110
11/16 04:29:55,새송이(새송이버섯(일반)),1kg,250,100
11/16 04:15:37,새송이(새송이버섯(일반)),1kg,2500,1
11/16 04:13:37,새송이(새송이버섯(일반)),1kg,1500,10
11/16 04:13:37,새송이(새송이버섯(일반)),1kg,2250,3
11/16 04:13:37,새송이(새송이버섯(일반)),1kg,2250,4
11/16 04:13:37,새송이(새송이버섯(일반)),1kg,2125,10
11/16 04:12:33,새송이(새송이버섯(일반)),1kg,2100,24
11/16 04:12:25,새송이(새송이버섯(일반)),1kg,2500,2
11/16 04:12:25,새송이(새송이버섯(일반)),1kg,5250,2
11/16 04:12:07,새송이(새송이버섯(일반)),1kg,2375,2
11/16 04:11:22,새송이(새송이버섯(일반)),1kg,3050,51
11/16 04:11:16,새송이(새송이버섯(일반)),1kg,3200,54
11/16 04:11:12,새송이(새송이버섯(일반)),1kg,3350,60
11/16 04:11:11,새송이(새송이버섯(일반)),1kg,3350,75
11/16 04:11:06,새송이(새송이버섯(일반)),1kg,3650,93
11/16 04:10:20,새송이(새송이버섯(일반)),1kg,2125,10
11/16 04:10:20,새송이(새송이버섯(일반)),1kg,2375,6
11/16 04:02:12,새송이(새송이버섯(일반)),1kg,2125,20
11/16 03:49:56,새송이(새송이버섯(일반)),1kg,3250,40
11/16 03:46:08,새송이(새송이버섯(일반)),1kg,2000,10
11/16 03:44:18,새송이(새송이버섯(일반)),1kg,2150,20
11/16 03:44:14,새송이(새송이버섯(일반)),1kg,2250,30
11/16 03:44:14,새송이(새송이버섯(일반)),1kg,2250,9
11/16 03:44:14,새송이(새송이버섯(일반)),1kg,2250,10
11/16 03:44:14,새송이(새송이버섯(일반)),1kg,2250,15
11/16 03:43:42,새송이(새송이버섯(일반)),1kg,2125,20
11/16 03:43:24,새송이(새송이버섯(일반)),1kg,2125,20
11/16 03:43:20,새송이(새송이버섯(일반)),1kg,2125,20
11/16 03:43:10,새송이(새송이버섯(일반)),1kg,2125,20
11/16 03:36:16,새송이(새송이버섯(일반)),1kg,1100,96
11/16 03:36:02,새송이(새송이버섯(일반)),1kg,1900,24
11/16 03:35:54,새송이(새송이버섯(일반)),1kg,1500,28
11/16 03:35:51,새송이(새송이버섯(일반)),1kg,1300,84
11/16 03:35:47,새송이(새송이버섯(일반)),1kg,3250,10
11/16 03:35:46,새송이(새송이버섯(일반)),1kg,3000,10
11/16 03:35:44,새송이(새송이버섯(일반)),1kg,2750,10
11/16 03:35:43,새송이(새송이버섯(일반)),1kg,2300,40
11/16 03:35:34,새송이(새송이버섯(일반)),1kg,2900,5
11/16 03:35:25,새송이(새송이버섯(일반)),1kg,3000,10
11/16 03:35:02,새송이(새송이버섯(일반)),1kg,3000,40
11/16 03:34:58,새송이(새송이버섯(일반)),1kg,3000,40
11/16 03:34:30,새송이(새송이버섯(일반)),1kg,3250,15
11/16 03:34:20,새송이(새송이버섯(일반)),1kg,3300,10
11/16 03:32:48,새송이(새송이버섯(일반)),1kg,1800,9
11/16 03:32:38,새송이(새송이버섯(일반)),1kg,2200,10
11/16 03:32:34,새송이(새송이버섯(일반)),1kg,2150,10
11/16 03:32:27,새송이(새송이버섯(일반)),1kg,2125,10
11/16 03:32:20,새송이(새송이버섯(일반)),1kg,2125,10
11/16 03:32:14,새송이(새송이버섯(일반)),1kg,2125,10
11/16 03:32:08,새송이(새송이버섯(일반)),1kg,2150,10
11/16 03:32:01,새송이(새송이버섯(일반)),1kg,2100,10
11/16 03:31:55,새송이(새송이버섯(일반)),1kg,2075,10
11/16 03:25:57,새송이(새송이버섯(일반)),1kg,1400,14
11/16 03:25:57,새송이(새송이버섯(일반)),1kg,3100,60
11/16 03:25:32,새송이(새송이버섯(일반)),1kg,1000,16
11/16 03:25:31,새송이(새송이버섯(일반)),1kg,1000,16
11/16 03:25:15,새송이(새송이버섯(일반)),1kg,1000,16
11/16 03:16:33,새송이(새송이버섯(일반)),1kg,1800,36
11/16 03:16:22,새송이(새송이버섯(일반)),1kg,2000,6
11/16 03:16:16,새송이(새송이버섯(일반)),1kg,2400,30
11/16 03:16:12,새송이(새송이버섯(일반)),1kg,700,40
11/16 03:16:04,새송이(새송이버섯(일반)),1kg,2250,40
11/16 03:16:00,새송이(새송이버섯(일반)),1kg,3250,30
11/16 03:15:55,새송이(새송이버섯(일반)),1kg,3000,30
11/16 03:15:48,새송이(새송이버섯(일반)),1kg,2750,50
11/16 03:15:43,새송이(새송이버섯(일반)),1kg,2500,10
11/16 03:13:48,새송이(새송이버섯(일반)),1kg,1250,16
11/16 03:04:39,새송이(새송이버섯(일반)),1kg,300,50
11/16 03:04:36,새송이(새송이버섯(일반)),1kg,2375,15
11/16 03:04:34,새송이(새송이버섯(일반)),1kg,2375,15
11/16 03:04:17,새송이(새송이버섯(일반)),1kg,2550,4
11/16 03:04:10,새송이(새송이버섯(일반)),1kg,1500,5
11/16 03:04:08,새송이(새송이버섯(일반)),1kg,1500,24
11/16 03:04:00,새송이(새송이버섯(일반)),1kg,800,60
11/16 03:03:35,새송이(새송이버섯(일반)),1kg,1650,48
11/16 03:03:31,새송이(새송이버섯(일반)),1kg,1600,54
11/16 03:03:17,새송이(새송이버섯(일반)),1kg,3050,20
11/16 03:03:15,새송이(새송이버섯(일반)),1kg,3050,20
11/16 03:03:13,새송이(새송이버섯(일반)),1kg,3050,20
11/16 03:03:05,새송이(새송이버섯(일반)),1kg,2900,20
11/16 03:03:03,새송이(새송이버섯(일반)),1kg,2900,20
11/16 03:02:58,새송이(새송이버섯(일반)),1kg,3150,20
11/16 03:02:56,새송이(새송이버섯(일반)),1kg,3150,20
11/16 03:02:52,새송이(새송이버섯(일반)),1kg,3150,20
11/16 03:02:49,새송이(새송이버섯(일반)),1kg,3150,20
11/16 03:02:47,새송이(새송이버섯(일반)),1kg,3150,20
11/16 02:53:11,새송이(새송이버섯(일반)),1kg,3400,10
11/16 02:47:55,새송이(기타),1kg,2275,3
11/16 02:47:55,새송이(새송이버섯(일반)),1kg,3900,30
11/16 02:47:55,새송이(새송이버섯(일반)),1kg,4000,30
11/16 02:47:55,새송이(새송이버섯(일반)),1kg,2950,20
11/16 02:42:36,새송이(새송이버섯(일반)),1kg,937,4
11/16 02:42:30,새송이(새송이버섯(일반)),1kg,937,5
11/16 02:42:28,새송이(새송이버섯(일반)),1kg,875,5
11/16 02:42:11,새송이(새송이버섯(일반)),1kg,875,5
11/16 02:42:06,새송이(새송이버섯(일반)),1kg,875,5
11/16 02:42:00,새송이(새송이버섯(일반)),1kg,2075,10
11/16 02:41:58,새송이(새송이버섯(일반)),1kg,2075,10
11/16 02:41:54,새송이(새송이버섯(일반)),1kg,2075,10
11/16 02:41:50,새송이(새송이버섯(일반)),1kg,2075,11
11/16 02:41:47,새송이(새송이버섯(일반)),1kg,2075,11
11/16 02:41:40,새송이(새송이버섯(일반)),1kg,2500,10
11/16 02:41:35,새송이(새송이버섯(일반)),1kg,2500,10
11/16 02:41:32,새송이(새송이버섯(일반)),1kg,2475,10
11/16 02:41:30,새송이(새송이버섯(일반)),1kg,2475,10
11/16 02:41:25,새송이(새송이버섯(일반)),1kg,2475,10
11/16 02:41:21,새송이(새송이버섯(일반)),1kg,2475,10
11/16 02:41:13,새송이(새송이버섯(일반)),1kg,2475,10
11/16 02:41:02,새송이(새송이버섯(일반)),1kg,2450,10
11/16 02:40:56,새송이(새송이버섯(일반)),1kg,2425,10
11/16 02:40:54,새송이(새송이버섯(일반)),1kg,2400,10
11/16 02:40:51,새송이(새송이버섯(일반)),1kg,2400,10
11/16 02:40:47,새송이(새송이버섯(일반)),1kg,2375,10
11/16 02:40:36,새송이(새송이버섯(일반)),1kg,3300,10
11/16 02:40:33,새송이(새송이버섯(일반)),1kg,3300,10
11/16 02:40:31,새송이(새송이버섯(일반)),1kg,3300,10
11/16 02:40:24,새송이(새송이버섯(일반)),1kg,3300,10
11/16 02:40:19,새송이(새송이버섯(일반)),1kg,3300,10
11/16 02:40:16,새송이(새송이버섯(일반)),1kg,3250,10
11/16 02:40:10,새송이(새송이버섯(일반)),1kg,3250,10
11/16 02:39:31,새송이(새송이버섯(일반)),1kg,3400,10
11/16 02:39:22,새송이(새송이버섯(일반)),1kg,3400,10
11/16 02:39:19,새송이(새송이버섯(일반)),1kg,3400,10
11/16 02:39:17,새송이(새송이버섯(일반)),1kg,3400,10
11/16 02:39:12,새송이(새송이버섯(일반)),1kg,3400,10
11/16 02:39:06,새송이(새송이버섯(일반)),1kg,3400,10
11/16 02:39:02,새송이(새송이버섯(일반)),1kg,3400,12
11/16 02:39:00,새송이(새송이버섯(일반)),1kg,3400,12
11/16 02:31:30,새송이(새송이버섯(일반)),1kg,2100,20
11/16 02:31:25,새송이(새송이버섯(일반)),1kg,2500,15
11/16 02:31:22,새송이(새송이버섯(일반)),1kg,2600,15
11/16 02:31:17,새송이(새송이버섯(일반)),1kg,2750,16
11/16 02:31:14,새송이(새송이버섯(일반)),1kg,2750,17
11/16 02:31:12,새송이(새송이버섯(일반)),1kg,2750,17
11/16 02:17:35,새송이(새송이버섯(일반)),1kg,200,800
11/16 02:17:35,새송이(새송이버섯(일반)),1kg,200,400
11/16 02:17:35,새송이(새송이버섯(일반)),1kg,3250,40
11/16 02:17:13,새송이(새송이버섯(일반)),1kg,1750,60
11/16 02:17:06,새송이(새송이버섯(일반)),1kg,3000,159
11/16 02:13:34,새송이(새송이버섯(일반)),1kg,9650,2
11/16 02:13:23,새송이(새송이버섯(일반)),1kg,2100,5
11/16 02:13:15,새송이(새송이버섯(일반)),1kg,2900,50
11/16 02:13:11,새송이(새송이버섯(일반)),1kg,11150,2
11/16 02:12:57,새송이(새송이버섯(일반)),1kg,2100,3
11/16 02:12:53,새송이(새송이버섯(일반)),1kg,3500,100
11/16 01:42:05,새송이(새송이버섯(일반)),1kg,1200,12
11/16 01:42:00,새송이(새송이버섯(일반)),1kg,900,18
11/16 01:41:51,새송이(새송이버섯(일반)),1kg,1950,114
11/16 01:41:43,새송이(새송이버섯(일반)),1kg,2550,60
11/16 01:41:35,새송이(새송이버섯(일반)),1kg,2950,120
11/16 01:41:31,새송이(새송이버섯(일반)),1kg,2850,120
11/16 01:41:23,새송이(새송이버섯(일반)),1kg,2200,50
11/16 01:41:18,새송이(새송이버섯(일반)),1kg,2200,50
11/16 01:41:14,새송이(새송이버섯(일반)),1kg,2225,50
11/16 01:41:11,새송이(새송이버섯(일반)),1kg,2175,50
11/16 01:41:01,새송이(새송이버섯(일반)),1kg,2150,135
11/16 01:40:57,새송이(새송이버섯(일반)),1kg,2150,135
11/16 01:40:53,새송이(새송이버섯(일반)),1kg,2200,135
11/16 01:40:46,새송이(새송이버섯(일반)),1kg,2550,102
11/16 01:40:41,새송이(새송이버섯(일반)),1kg,2650,105
11/16 01:40:17,새송이(새송이버섯(일반)),1kg,950,80
11/16 01:40:11,새송이(새송이버섯(일반)),1kg,1400,150
11/16 01:40:04,새송이(새송이버섯(일반)),1kg,2200,135
11/16 01:39:52,새송이(새송이버섯(일반)),1kg,1450,80
11/16 01:39:46,새송이(새송이버섯(일반)),1kg,2400,52
11/16 01:39:36,새송이(새송이버섯(일반)),1kg,2350,159
11/16 01:39:24,새송이(새송이버섯(일반)),1kg,1150,80
11/16 01:39:17,새송이(새송이버섯(일반)),1kg,800,42
11/16 01:39:10,새송이(새송이버섯(일반)),1kg,2400,80
11/16 01:39:01,새송이(새송이버섯(일반)),1kg,2600,80
11/16 01:38:54,새송이(새송이버섯(일반)),1kg,2500,42
11/16 01:38:48,새송이(새송이버섯(일반)),1kg,2900,135
11/16 01:38:39,새송이(새송이버섯(일반)),1kg,1500,8
11/16 01:38:30,새송이(새송이버섯(일반)),1kg,2400,48
11/16 01:38:25,새송이(새송이버섯(일반)),1kg,2375,48
11/16 01:38:20,새송이(새송이버섯(일반)),1kg,2350,48
11/16 01:38:16,새송이(새송이버섯(일반)),1kg,2325,48
11/16 01:38:12,새송이(새송이버섯(일반)),1kg,2325,48
11/16 01:38:03,새송이(새송이버섯(일반)),1kg,1050,101
11/16 01:37:58,새송이(새송이버섯(일반)),1kg,1150,44
11/16 01:37:51,새송이(새송이버섯(일반)),1kg,1300,18
11/16 01:37:45,새송이(새송이버섯(일반)),1kg,2450,90
11/16 01:37:41,새송이(새송이버섯(일반)),1kg,2500,90
11/16 01:37:34,새송이(새송이버섯(일반)),1kg,2800,81
11/16 01:37:30,새송이(새송이버섯(일반)),1kg,2750,84
11/16 01:20:48,새송이(새송이버섯(일반)),1kg,2250,5
11/16 01:20:41,새송이(새송이버섯(일반)),1kg,2250,25
11/15 12:57:57,새송이(새송이버섯(일반)),1kg,4000,5
11/15 12:57:57,새송이(새송이버섯(일반)),1kg,3500,5
11/15 12:57:57,새송이(새송이버섯(일반)),1kg,4000,5
11/15 12:57:56,새송이(새송이버섯(일반)),1kg,4000,7
11/15 12:57:56,새송이(새송이버섯(일반)),1kg,4000,8
11/15 12:57:56,새송이(새송이버섯(일반)),1kg,4000,5
11/15 12:56:52,새송이(새송이버섯(일반)),1kg,4220,20
11/15 12:56:52,새송이(새송이버섯(일반)),1kg,4220,5
11/15 12:56:10,새송이(새송이버섯(일반)),1kg,2110,8
11/15 12:54:50,새송이(새송이버섯(일반)),1kg,2000,10
11/15 12:54:49,새송이(새송이버섯(일반)),1kg,2000,160
11/15 12:54:49,새송이(새송이버섯(일반)),1kg,2000,10
11/15 12:54:48,새송이(새송이버섯(일반)),1kg,2000,10
11/15 12:54:28,새송이(새송이버섯(일반)),1kg,900,25
11/15 12:54:25,새송이(새송이버섯(일반)),1kg,1875,10
11/15 12:54:25,새송이(새송이버섯(일반)),1kg,1875,20
11/15 12:54:25,새송이(새송이버섯(일반)),1kg,1875,10
11/15 12:54:24,새송이(새송이버섯(일반)),1kg,1875,50
11/15 12:54:18,새송이(새송이버섯(일반)),1kg,2250,3
11/15 12:54:13,새송이(새송이버섯(일반)),1kg,3350,18
11/15 12:53:58,새송이(새송이버섯(일반)),1kg,200,100
11/15 12:53:51,새송이(새송이버섯(일반)),1kg,1875,70
11/15 12:51:51,새송이(새송이버섯(일반)),1kg,2125,10
11/15 12:51:51,새송이(새송이버섯(일반)),1kg,2125,20
11/15 12:51:51,새송이(새송이버섯(일반)),1kg,1750,40
11/15 12:51:51,새송이(새송이버섯(일반)),1kg,2125,20
11/15 12:51:51,새송이(새송이버섯(일반)),1kg,2125,20
11/15 12:51:51,새송이(새송이버섯(일반)),1kg,2125,20
11/15 12:51:51,새송이(새송이버섯(일반)),1kg,2125,10
11/15 12:51:51,새송이(새송이버섯(일반)),1kg,2125,10
11/15 12:51:51,새송이(새송이버섯(일반)),1kg,2125,10
11/15 12:43:30,새송이(새송이버섯(일반)),1kg,3150,21
11/15 12:43:27,새송이(새송이버섯(일반)),1kg,3150,22
11/15 12:42:58,새송이(새송이버섯(일반)),1kg,2000,5
11/15 12:42:58,새송이(새송이버섯(일반)),1kg,2000,5
11/15 12:42:58,새송이(새송이버섯(일반)),1kg,2000,3
11/15 12:42:58,새송이(새송이버섯(일반)),1kg,2000,3
11/15 12:39:39,새송이(새송이버섯(일반)),1kg,1400,6
11/15 12:39:32,새송이(새송이버섯(일반)),1kg,2700,10
11/15 12:34:10,새송이(새송이버섯(일반)),1kg,3074,70
11/15 12:31:24,새송이(새송이버섯(일반)),1kg,1846,12
11/15 12:30:51,새송이(새송이버섯(일반)),1kg,1550,90
11/15 12:30:46,새송이(새송이버섯(일반)),1kg,2800,8
11/15 12:30:40,새송이(새송이버섯(일반)),1kg,3150,12
11/15 12:30:33,새송이(새송이버섯(일반)),1kg,3200,73
11/15 12:30:27,새송이(새송이버섯(일반)),1kg,3150,73
11/15 12:30:22,새송이(새송이버섯(일반)),1kg,3250,79
11/15 12:30:19,새송이(새송이버섯(일반)),1kg,3250,79
11/15 12:30:15,새송이(새송이버섯(일반)),1kg,3250,79
11/15 12:30:11,새송이(새송이버섯(일반)),1kg,1500,6
11/15 12:30:06,새송이(새송이버섯(일반)),1kg,3200,60
11/15 12:27:10,새송이(새송이버섯(일반)),1kg,1650,37
11/15 12:27:05,새송이(새송이버섯(일반)),1kg,2800,50
11/15 12:26:54,새송이(새송이버섯(일반)),1kg,3000,50
11/15 12:26:45,새송이(새송이버섯(일반)),1kg,3100,60
11/15 12:26:42,새송이(새송이버섯(일반)),1kg,3100,60
11/15 12:25:20,새송이(새송이버섯(일반)),1kg,3300,61
11/15 12:25:11,새송이(새송이버섯(일반)),1kg,3300,60
11/15 12:25:05,새송이(새송이버섯(일반)),1kg,3400,59
11/15 12:25:02,새송이(새송이버섯(일반)),1kg,3350,60
11/15 12:24:53,새송이(새송이버섯(일반)),1kg,2450,30
11/15 12:24:49,새송이(새송이버섯(일반)),1kg,2450,30
11/15 12:24:47,새송이(새송이버섯(일반)),1kg,2450,30
11/15 12:24:44,새송이(새송이버섯(일반)),1kg,2450,30
11/15 12:24:42,새송이(새송이버섯(일반)),1kg,2450,30
11/15 12:24:40,새송이(새송이버섯(일반)),1kg,2450,30
11/15 12:24:38,새송이(새송이버섯(일반)),1kg,2450,30
11/15 12:24:29,새송이(새송이버섯(일반)),1kg,1250,80
11/15 12:24:28,새송이(새송이버섯(일반)),1kg,1250,80
11/15 12:24:25,새송이(새송이버섯(일반)),1kg,1300,80
11/15 12:24:23,새송이(새송이버섯(일반)),1kg,1250,80
11/15 12:20:27,새송이(새송이버섯(일반)),1kg,2750,20
11/15 12:20:21,새송이(새송이버섯(일반)),1kg,2900,30
11/15 12:20:16,새송이(새송이버섯(일반)),1kg,3150,60
11/15 12:20:14,새송이(새송이버섯(일반)),1kg,3150,60
11/15 12:20:12,새송이(새송이버섯(일반)),1kg,3150,60
11/15 12:20:10,새송이(새송이버섯(일반)),1kg,3150,60
11/15 12:20:05,새송이(새송이버섯(일반)),1kg,2250,6
11/15 12:19:57,새송이(새송이버섯(일반)),1kg,3100,6
11/15 12:19:50,새송이(새송이버섯(일반)),1kg,2950,10
11/15 12:19:44,새송이(새송이버섯(일반)),1kg,3250,62
11/15 12:19:42,새송이(새송이버섯(일반)),1kg,3250,62
11/15 12:19:40,새송이(새송이버섯(일반)),1kg,3250,62
11/15 12:19:38,새송이(새송이버섯(일반)),1kg,3250,62
11/15 12:19:35,새송이(새송이버섯(일반)),1kg,3200,62
11/15 12:19:30,새송이(새송이버섯(일반)),1kg,2900,60
11/15 12:19:24,새송이(새송이버섯(일반)),1kg,3400,60
11/15 12:19:21,새송이(새송이버섯(일반)),1kg,3350,60
11/15 12:19:18,새송이(새송이버섯(일반)),1kg,3350,60
11/15 12:19:15,새송이(새송이버섯(일반)),1kg,3350,60
11/15 12:19:13,새송이(새송이버섯(일반)),1kg,3350,60
11/15 12:19:07,새송이(새송이버섯(일반)),1kg,800,11
11/15 12:19:03,새송이(새송이버섯(일반)),1kg,2300,37
11/15 12:18:57,새송이(새송이버섯(일반)),1kg,2350,40
11/15 12:18:52,새송이(새송이버섯(일반)),1kg,2500,56
11/15 12:13:24,새송이(새송이버섯(일반)),1kg,1350,24
11/15 12:13:09,새송이(새송이버섯(일반)),1kg,1000,45
11/15 12:13:02,새송이(새송이버섯(일반)),1kg,3600,96
11/15 12:12:57,새송이(새송이버섯(일반)),1kg,3500,96
11/15 12:12:53,새송이(새송이버섯(일반)),1kg,3300,70
11/15 12:12:45,새송이(새송이버섯(일반)),1kg,3300,73
11/15 12:02:49,새송이(새송이버섯(일반)),1kg,1650,75
11/15 12:02:40,새송이(새송이버섯(일반)),1kg,2800,69
11/15 12:02:28,새송이(새송이버섯(일반)),1kg,3550,48
11/15 12:02:17,새송이(새송이버섯(일반)),1kg,3800,50
11/15 12:02:09,새송이(새송이버섯(일반)),1kg,3850,50
11/15 12:02:02,새송이(새송이버섯(일반)),1kg,3800,50
11/15 12:01:53,새송이(새송이버섯(일반)),1kg,202,360
11/15 12:01:46,새송이(새송이버섯(일반)),1kg,202,360
11/15 12:01:39,새송이(새송이버섯(일반)),1kg,200,360
11/15 12:01:31,새송이(새송이버섯(일반)),1kg,202,360
11/15 11:59:30,새송이(새송이버섯(일반)),1kg,4484,15
11/15 11:54:40,새송이(새송이버섯(일반)),1kg,900,42
11/15 11:44:38,새송이(새송이버섯(일반)),1kg,3200,25
11/15 11:44:21,새송이(새송이버섯(일반)),1kg,3200,25
11/15 11:44:00,새송이(새송이버섯(일반)),1kg,1050,30
11/15 11:43:54,새송이(새송이버섯(일반)),1kg,2750,30
11/15 11:43:48,새송이(새송이버섯(일반)),1kg,1900,6
11/15 11:43:44,새송이(새송이버섯(일반)),1kg,3450,40
11/15 11:43:42,새송이(새송이버섯(일반)),1kg,2700,40
11/15 11:43:37,새송이(새송이버섯(일반)),1kg,3200,10
11/15 11:43:35,새송이(새송이버섯(일반)),1kg,3166,10
11/15 11:43:32,새송이(새송이버섯(일반)),1kg,3100,10
11/15 11:42:32,새송이(새송이버섯(일반)),1kg,900,12
11/15 11:42:27,새송이(새송이버섯(일반)),1kg,800,49
11/15 11:42:24,새송이(새송이버섯(일반)),1kg,750,50
11/15 11:42:20,새송이(새송이버섯(일반)),1kg,1150,10
11/15 11:42:15,새송이(새송이버섯(일반)),1kg,1000,10
11/15 11:42:08,새송이(새송이버섯(일반)),1kg,2500,30
11/15 11:42:01,새송이(새송이버섯(일반)),1kg,3100,40
11/15 11:41:58,새송이(새송이버섯(일반)),1kg,3100,40
11/15 11:41:55,새송이(새송이버섯(일반)),1kg,3100,40
11/15 11:41:50,새송이(새송이버섯(일반)),1kg,3100,40
11/15 11:39:09,새송이(새송이버섯(일반)),1kg,3750,1
11/15 11:36:18,새송이(새송이버섯(일반)),1kg,3500,39
11/15 11:36:09,새송이(새송이버섯(일반)),1kg,3750,30
11/15 11:35:57,새송이(새송이버섯(일반)),1kg,3750,30
11/15 11:34:22,새송이(새송이버섯(일반)),1kg,1400,96
11/15 11:34:22,새송이(새송이버섯(일반)),1kg,1400,84
11/15 11:31:43,새송이(새송이버섯(일반)),1kg,3250,40
11/15 11:31:40,새송이(새송이버섯(일반)),1kg,3250,40
11/15 11:31:35,새송이(새송이버섯(일반)),1kg,3250,48
11/15 11:31:27,새송이(새송이버섯(일반)),1kg,3500,48
11/15 11:31:20,새송이(새송이버섯(일반)),1kg,3500,48
11/15 11:31:13,새송이(새송이버섯(일반)),1kg,4250,23
11/15 11:31:09,새송이(새송이버섯(일반)),1kg,4500,39
11/15 11:31:00,새송이(새송이버섯(일반)),1kg,3750,40
11/15 11:30:57,새송이(새송이버섯(일반)),1kg,3750,40
11/15 11:19:13,새송이(새송이버섯(일반)),1kg,9500,6
11/15 11:19:08,새송이(새송이버섯(일반)),1kg,9000,6
11/15 11:19:04,새송이(새송이버섯(일반)),1kg,10500,6
11/15 11:19:00,새송이(새송이버섯(일반)),1kg,10750,8
11/15 11:18:55,새송이(새송이버섯(일반)),1kg,10500,8
11/15 11:18:51,새송이(새송이버섯(일반)),1kg,11500,8
11/15 11:18:46,새송이(새송이버섯(일반)),1kg,10500,12
11/15 11:18:42,새송이(새송이버섯(일반)),1kg,11250,12
11/15 11:18:35,새송이(새송이버섯(일반)),1kg,11250,12
11/15 11:07:23,새송이(새송이버섯(일반)),1kg,600,51
11/15 11:06:58,새송이(새송이버섯(일반)),1kg,1450,58
11/15 11:06:54,새송이(새송이버섯(일반)),1kg,1450,58
11/15 11:06:46,새송이(새송이버섯(일반)),1kg,2000,2
11/15 11:06:40,새송이(새송이버섯(일반)),1kg,2250,37
11/15 11:06:37,새송이(새송이버섯(일반)),1kg,2250,38
11/15 11:06:30,새송이(새송이버섯(일반)),1kg,3000,15
11/15 11:06:20,새송이(새송이버섯(일반)),1kg,2800,50
11/15 11:06:09,새송이(새송이버섯(일반)),1kg,3250,50
11/15 11:06:05,새송이(새송이버섯(일반)),1kg,3250,50
11/15 11:05:53,새송이(새송이버섯(일반)),1kg,1650,30
11/15 11:05:33,새송이(새송이버섯(일반)),1kg,3150,30
11/15 11:02:24,새송이(새송이버섯(일반)),1kg,2750,63
11/15 11:02:20,새송이(새송이버섯(일반)),1kg,2750,63
11/15 11:02:12,새송이(새송이버섯(일반)),1kg,3000,63
11/15 11:02:09,새송이(새송이버섯(일반)),1kg,3000,63
11/15 11:02:04,새송이(새송이버섯(일반)),1kg,3000,63
11/15 11:02:00,새송이(새송이버섯(일반)),1kg,3000,63
11/15 10:53:05,새송이(새송이버섯(일반)),1kg,3500,36
11/15 10:53:01,새송이(새송이버섯(일반)),1kg,3500,36
11/15 10:52:56,새송이(새송이버섯(일반)),1kg,1600,96
11/15 10:44:02,새송이(새송이버섯(일반)),1kg,3000,10
11/15 10:44:02,새송이(새송이버섯(일반)),1kg,3000,10
11/15 10:42:41,새송이(새송이버섯(일반)),1kg,3250,22
11/15 10:42:41,새송이(새송이버섯(일반)),1kg,3250,30
11/15 10:41:13,새송이(새송이버섯(일반)),1kg,3250,60
11/15 10:34:22,새송이(새송이버섯(일반)),1kg,2125,5
11/15 10:34:22,새송이(새송이버섯(일반)),1kg,2125,5
11/15 10:34:22,새송이(새송이버섯(일반)),1kg,2125,5
11/15 10:34:22,새송이(새송이버섯(일반)),1kg,2000,2
11/15 10:34:22,새송이(새송이버섯(일반)),1kg,2000,3
11/15 10:34:22,새송이(새송이버섯(일반)),1kg,2000,2
11/15 10:34:22,새송이(새송이버섯(일반)),1kg,2000,4
11/15 10:34:22,새송이(새송이버섯(일반)),1kg,2125,35
11/15 10:34:22,새송이(새송이버섯(일반)),1kg,2125,15
11/15 10:34:22,새송이(새송이버섯(일반)),1kg,2125,50
11/15 10:34:22,새송이(새송이버섯(일반)),1kg,2125,5
11/15 10:34:22,새송이(새송이버섯(일반)),1kg,2125,10
11/15 10:34:22,새송이(새송이버섯(일반)),1kg,2000,2
11/15 10:34:22,새송이(새송이버섯(일반)),1kg,2000,1
11/15 10:34:22,새송이(새송이버섯(일반)),1kg,2125,70
11/15 10:34:22,새송이(새송이버섯(일반)),1kg,2125,5
11/15 10:34:22,새송이(새송이버섯(일반)),1kg,2125,5
11/15 10:34:22,새송이(새송이버섯(일반)),1kg,2125,10
11/15 10:32:09,새송이(새송이버섯(일반)),1kg,1750,88
11/15 10:32:00,새송이(새송이버섯(일반)),1kg,2250,20
11/15 10:31:57,새송이(새송이버섯(일반)),1kg,2250,20
11/15 10:31:53,새송이(새송이버섯(일반)),1kg,3000,30
11/15 10:31:51,새송이(새송이버섯(일반)),1kg,3000,30
11/15 10:31:27,새송이(새송이버섯(일반)),1kg,1500,39
11/15 10:31:27,새송이(새송이버섯(일반)),1kg,1000,64
11/15 10:31:26,새송이(새송이버섯(일반)),1kg,1250,64
11/15 10:31:24,새송이(새송이버섯(일반)),1kg,1500,36
11/15 10:31:22,새송이(새송이버섯(일반)),1kg,1500,36
11/15 10:31:21,새송이(새송이버섯(일반)),1kg,2500,189
11/15 10:31:19,새송이(새송이버섯(일반)),1kg,2500,189
11/15 10:31:18,새송이(새송이버섯(일반)),1kg,2500,189
11/15 10:31:17,새송이(새송이버섯(일반)),1kg,1750,36
11/15 10:31:14,새송이(새송이버섯(일반)),1kg,1500,9
11/15 10:31:07,새송이(새송이버섯(일반)),1kg,1750,15
11/15 10:31:02,새송이(새송이버섯(일반)),1kg,2250,32
11/15 10:30:59,새송이(새송이버섯(일반)),1kg,2500,30
11/15 10:30:56,새송이(새송이버섯(일반)),1kg,2500,35
11/15 10:30:54,새송이(새송이버섯(일반)),1kg,2500,35
11/15 10:30:50,새송이(새송이버섯(일반)),1kg,2500,35
11/15 10:30:46,새송이(새송이버섯(일반)),1kg,2500,35
11/15 10:28:11,새송이(새송이버섯(일반)),1kg,500,11
11/15 10:27:58,새송이(새송이버섯(일반)),1kg,875,26
11/15 10:27:48,새송이(새송이버섯(일반)),1kg,2250,93
11/15 10:27:37,새송이(새송이버섯(일반)),1kg,1750,26
11/15 10:27:37,새송이(새송이버섯(일반)),1kg,1750,26
11/15 10:27:29,새송이(새송이버섯(일반)),1kg,2750,50
11/15 10:27:21,새송이(새송이버섯(일반)),1kg,3500,50
11/15 10:27:17,새송이(새송이버섯(일반)),1kg,1750,80
11/15 10:27:13,새송이(새송이버섯(일반)),1kg,1875,80
11/15 10:27:11,새송이(새송이버섯(일반)),1kg,1875,80
11/15 10:27:07,새송이(새송이버섯(일반)),1kg,2000,100
11/15 10:27:05,새송이(새송이버섯(일반)),1kg,2000,100
11/15 10:26:56,새송이(새송이버섯(일반)),1kg,1750,100
11/15 10:26:53,새송이(새송이버섯(일반)),1kg,1875,40
11/15 10:26:52,새송이(새송이버섯(일반)),1kg,1875,80
11/15 10:26:51,새송이(새송이버섯(일반)),1kg,1875,80
11/15 10:26:48,새송이(새송이버섯(일반)),1kg,1875,40
11/15 10:26:46,새송이(새송이버섯(일반)),1kg,1875,80
11/15 10:26:45,새송이(새송이버섯(일반)),1kg,1875,80
11/15 10:26:41,새송이(새송이버섯(일반)),1kg,2000,90
11/15 10:26:34,새송이(새송이버섯(일반)),1kg,1875,80
11/15 10:26:31,새송이(새송이버섯(일반)),1kg,2000,80
11/15 10:26:30,새송이(새송이버섯(일반)),1kg,2000,80
11/15 10:26:27,새송이(새송이버섯(일반)),1kg,2000,72
11/15 10:26:24,새송이(새송이버섯(일반)),1kg,1875,80
11/15 10:26:22,새송이(새송이버섯(일반)),1kg,2000,80
11/15 10:26:20,새송이(새송이버섯(일반)),1kg,2000,80
11/15 10:26:19,새송이(새송이버섯(일반)),1kg,2000,80
11/15 10:26:18,새송이(새송이버섯(일반)),1kg,2000,80
11/15 10:25:31,새송이(새송이버섯(일반)),1kg,100,74
11/15 10:24:46,새송이(새송이버섯(일반)),1kg,2750,24
11/15 10:24:42,새송이(새송이버섯(일반)),1kg,3000,24
11/15 10:24:40,새송이(새송이버섯(일반)),1kg,3000,24
11/15 10:24:36,새송이(새송이버섯(일반)),1kg,2000,6
11/15 10:24:36,새송이(새송이버섯(일반)),1kg,850,38
11/15 10:24:33,새송이(새송이버섯(일반)),1kg,850,40
11/15 10:24:30,새송이(새송이버섯(일반)),1kg,2750,35
11/15 10:24:27,새송이(새송이버섯(일반)),1kg,2750,35
11/15 10:24:27,새송이(새송이버섯(일반)),1kg,1050,11
11/15 10:24:23,새송이(새송이버섯(일반)),1kg,1100,2
11/15 10:24:22,새송이(새송이버섯(일반)),1kg,2250,20
11/15 10:24:19,새송이(새송이버섯(일반)),1kg,1250,20
11/15 10:24:18,새송이(새송이버섯(일반)),1kg,3000,35
11/15 10:24:15,새송이(새송이버섯(일반)),1kg,3000,35
11/15 10:24:15,새송이(새송이버섯(일반)),1kg,1250,24
11/15 10:24:13,새송이(새송이버섯(일반)),1kg,3000,30
11/15 10:24:11,새송이(새송이버섯(일반)),1kg,3000,30
11/15 10:24:11,새송이(새송이버섯(일반)),1kg,950,36
11/15 10:24:08,새송이(새송이버섯(일반)),1kg,3000,30
11/15 10:24:08,새송이(새송이버섯(일반)),1kg,950,37
11/15 10:24:05,새송이(새송이버섯(일반)),1kg,3250,20
11/15 10:24:01,새송이(새송이버섯(일반)),1kg,3250,35
11/15 10:24:01,새송이(새송이버섯(일반)),1kg,900,53
11/15 10:23:58,새송이(새송이버섯(일반)),1kg,3250,35
11/15 10:23:56,새송이(새송이버섯(일반)),1kg,1300,55
11/15 10:23:49,새송이(새송이버섯(일반)),1kg,650,2
11/15 10:23:43,새송이(새송이버섯(일반)),1kg,1400,30
11/15 10:23:33,새송이(새송이버섯(일반)),1kg,1166,16
11/15 10:23:31,새송이(새송이버섯(일반)),1kg,1166,16
11/15 10:23:28,새송이(새송이버섯(일반)),1kg,1100,20
11/15 10:23:23,새송이(새송이버섯(일반)),1kg,1166,16
11/15 10:23:19,새송이(새송이버섯(일반)),1kg,1166,16
11/15 10:22:42,새송이(새송이버섯(일반)),1kg,800,6
11/15 10:22:37,새송이(새송이버섯(일반)),1kg,400,5
11/15 10:22:30,새송이(새송이버섯(일반)),1kg,600,1
11/15 10:22:26,새송이(새송이버섯(일반)),1kg,650,26
11/15 10:22:21,새송이(새송이버섯(일반)),1kg,1050,3
11/15 10:22:18,새송이(새송이버섯(일반)),1kg,800,3
11/15 10:22:12,새송이(새송이버섯(일반)),1kg,1050,40
11/15 10:22:07,새송이(새송이버섯(일반)),1kg,950,29
11/15 10:22:03,새송이(새송이버섯(일반)),1kg,1000,21
11/15 10:21:59,새송이(새송이버섯(일반)),1kg,900,17
11/15 10:21:55,새송이(새송이버섯(일반)),1kg,700,28
11/15 10:21:32,새송이(새송이버섯(일반)),1kg,1000,13
11/15 10:21:29,새송이(새송이버섯(일반)),1kg,550,31
11/15 10:20:57,새송이(새송이버섯(일반)),1kg,1500,55
11/15 10:20:55,새송이(새송이버섯(일반)),1kg,1500,60
11/15 10:20:51,새송이(새송이버섯(일반)),1kg,2250,64
11/15 10:20:50,새송이(새송이버섯(일반)),1kg,2250,64
11/15 10:20:48,새송이(새송이버섯(일반)),1kg,2250,64
11/15 10:20:42,새송이(새송이버섯(일반)),1kg,2750,50
11/15 10:20:40,새송이(새송이버섯(일반)),1kg,2750,50
11/15 10:20:36,새송이(새송이버섯(일반)),1kg,2500,80
11/15 10:20:34,새송이(새송이버섯(일반)),1kg,2500,80
11/15 10:20:31,새송이(새송이버섯(일반)),1kg,2500,80
11/15 10:20:30,새송이(새송이버섯(일반)),1kg,2500,80
11/15 10:20:29,새송이(새송이버섯(일반)),1kg,2500,80
11/15 10:20:27,새송이(새송이버섯(일반)),1kg,2500,80
11/15 10:20:24,새송이(새송이버섯(일반)),1kg,2000,80
11/15 10:20:22,새송이(새송이버섯(일반)),1kg,2000,80
11/15 10:20:08,새송이(새송이버섯(일반)),1kg,2000,80
11/15 10:20:06,새송이(새송이버섯(일반)),1kg,2000,80
11/15 10:19:28,새송이(새송이버섯(일반)),1kg,1500,35
11/15 10:19:23,새송이(새송이버섯(일반)),1kg,2250,10
11/15 10:19:20,새송이(새송이버섯(일반)),1kg,2250,80
11/15 10:19:18,새송이(새송이버섯(일반)),1kg,2250,80
11/15 10:19:12,새송이(새송이버섯(일반)),1kg,2000,7
11/15 10:18:50,새송이(새송이버섯(일반)),1kg,2000,7
11/15 10:18:46,새송이(새송이버섯(일반)),1kg,2750,38
11/15 10:18:43,새송이(새송이버섯(일반)),1kg,2750,65
11/15 10:18:41,새송이(새송이버섯(일반)),1kg,2750,68
11/15 10:18:37,새송이(새송이버섯(일반)),1kg,1750,4
11/15 10:18:32,새송이(새송이버섯(일반)),1kg,2250,54
11/15 10:18:30,새송이(새송이버섯(일반)),1kg,2250,55
11/15 10:18:30,새송이(새송이버섯(일반)),1kg,2250,60
11/15 10:18:28,새송이(새송이버섯(일반)),1kg,2250,60
11/15 10:18:27,새송이(새송이버섯(일반)),1kg,2250,60
11/15 10:18:23,새송이(새송이버섯(일반)),1kg,2500,50
11/15 10:18:20,새송이(새송이버섯(일반)),1kg,2500,50
11/15 10:17:50,새송이(새송이버섯(일반)),1kg,2500,80
11/15 10:17:44,새송이(새송이버섯(일반)),1kg,2500,80
11/15 10:17:41,새송이(새송이버섯(일반)),1kg,2000,30
11/15 10:17:37,새송이(새송이버섯(일반)),1kg,2500,80
11/15 10:17:36,새송이(새송이버섯(일반)),1kg,2500,80
11/15 10:17:35,새송이(새송이버섯(일반)),1kg,2500,80
11/15 10:17:33,새송이(새송이버섯(일반)),1kg,2500,80
11/15 10:17:30,새송이(새송이버섯(일반)),1kg,2500,80
11/15 10:17:26,새송이(새송이버섯(일반)),1kg,2750,80
11/15 10:17:22,새송이(새송이버섯(일반)),1kg,2250,9
11/15 10:17:17,새송이(새송이버섯(일반)),1kg,2750,75
11/15 10:17:16,새송이(새송이버섯(일반)),1kg,2750,75
11/15 10:17:10,새송이(새송이버섯(일반)),1kg,3000,1
11/15 10:17:05,새송이(새송이버섯(일반)),1kg,3200,13
11/15 10:17:02,새송이(새송이버섯(일반)),1kg,3400,18
11/15 10:16:57,새송이(새송이버섯(일반)),1kg,3600,22
11/15 10:16:55,새송이(새송이버섯(일반)),1kg,3600,23
11/15 10:16:52,새송이(새송이버섯(일반)),1kg,3600,23
11/15 10:16:18,새송이(새송이버섯(일반)),1kg,2125,80
11/15 10:16:15,새송이(새송이버섯(일반)),1kg,2125,80
11/15 10:16:12,새송이(새송이버섯(일반)),1kg,2125,80
11/15 10:16:06,새송이(새송이버섯(일반)),1kg,1875,88
11/15 10:16:03,새송이(새송이버섯(일반)),1kg,1875,88
11/15 10:16:01,새송이(새송이버섯(일반)),1kg,1875,88
11/15 10:15:58,새송이(새송이버섯(일반)),1kg,1875,88
11/15 10:15:53,새송이(새송이버섯(일반)),1kg,2125,72
11/15 10:15:49,새송이(새송이버섯(일반)),1kg,2125,72
11/15 10:15:45,새송이(새송이버섯(일반)),1kg,1875,90
11/15 10:15:40,새송이(새송이버섯(일반)),1kg,2125,80
11/15 10:13:25,새송이(새송이버섯(일반)),1kg,750,18
11/15 10:13:21,새송이(새송이버섯(일반)),1kg,1000,18
11/15 10:13:18,새송이(새송이버섯(일반)),1kg,1875,81
11/15 10:13:11,새송이(새송이버섯(일반)),1kg,1875,81
11/15 10:13:03,새송이(새송이버섯(일반)),1kg,1875,88
11/15 10:13:01,새송이(새송이버섯(일반)),1kg,1750,88
11/15 10:12:57,새송이(새송이버섯(일반)),1kg,1750,88
11/15 10:12:34,새송이(새송이버섯(일반)),1kg,1000,17
11/15 10:12:31,새송이(새송이버섯(일반)),1kg,1000,18
11/15 10:12:25,새송이(새송이버섯(일반)),1kg,2000,80
11/15 10:12:18,새송이(새송이버섯(일반)),1kg,2125,80
11/15 10:12:11,새송이(새송이버섯(일반)),1kg,1875,65
11/15 10:12:09,새송이(새송이버섯(일반)),1kg,1875,65
11/15 10:12:06,새송이(새송이버섯(일반)),1kg,1875,70
11/15 10:11:56,새송이(새송이버섯(일반)),1kg,1875,60
11/15 10:11:54,새송이(새송이버섯(일반)),1kg,1875,60
11/15 10:11:52,새송이(새송이버섯(일반)),1kg,1875,65
11/15 10:11:48,새송이(새송이버섯(일반)),1kg,1875,65
11/15 10:11:39,새송이(새송이버섯(일반)),1kg,2000,90
11/15 10:11:36,새송이(새송이버섯(일반)),1kg,2000,90
11/15 10:11:34,새송이(새송이버섯(일반)),1kg,2000,90
11/15 10:11:31,새송이(새송이버섯(일반)),1kg,2000,90
11/15 10:10:49,새송이(새송이버섯(일반)),1kg,2500,20
11/15 10:10:46,새송이(새송이버섯(일반)),1kg,2500,30
11/15 10:10:43,새송이(새송이버섯(일반)),1kg,2750,50
11/15 10:10:35,새송이(새송이버섯(일반)),1kg,2000,17
11/15 10:10:20,새송이(새송이버섯(일반)),1kg,2250,72
11/15 10:10:17,새송이(새송이버섯(일반)),1kg,2250,72
11/15 10:10:08,새송이(새송이버섯(일반)),1kg,2500,60
11/15 10:10:05,새송이(새송이버섯(일반)),1kg,2500,60
11/15 10:09:55,새송이(새송이버섯(일반)),1kg,1000,32
11/15 10:09:52,새송이(새송이버섯(일반)),1kg,1000,32
11/15 10:09:45,새송이(새송이버섯(일반)),1kg,500,32
11/15 10:09:43,새송이(새송이버섯(일반)),1kg,500,32
11/15 10:09:22,새송이(새송이버섯(일반)),1kg,2250,63
11/15 10:09:20,새송이(새송이버섯(일반)),1kg,2250,63
11/15 10:09:17,새송이(새송이버섯(일반)),1kg,2250,63
11/15 10:08:56,새송이(새송이버섯(일반)),1kg,750,6
11/15 10:08:53,새송이(새송이버섯(일반)),1kg,750,4
11/15 10:08:49,새송이(새송이버섯(일반)),1kg,500,7
11/15 10:08:46,새송이(새송이버섯(일반)),1kg,1250,13
11/15 10:08:44,새송이(새송이버섯(일반)),1kg,1250,13
11/15 10:08:40,새송이(새송이버섯(일반)),1kg,2000,33
11/15 10:08:37,새송이(새송이버섯(일반)),1kg,3000,35
11/15 10:08:34,새송이(새송이버섯(일반)),1kg,3000,50
11/15 10:08:32,새송이(새송이버섯(일반)),1kg,3000,50
11/15 10:08:26,새송이(새송이버섯(일반)),1kg,1250,10
11/15 10:08:24,새송이(새송이버섯(일반)),1kg,1250,10
11/15 10:08:20,새송이(새송이버섯(일반)),1kg,2750,36
11/15 10:08:18,새송이(새송이버섯(일반)),1kg,2750,36
11/15 10:08:06,새송이(새송이버섯(일반)),1kg,1000,1
11/15 10:08:03,새송이(새송이버섯(일반)),1kg,1250,20
11/15 10:08:01,새송이(새송이버섯(일반)),1kg,1250,20
11/15 10:07:57,새송이(새송이버섯(일반)),1kg,3000,36
11/15 10:07:54,새송이(새송이버섯(일반)),1kg,3000,36
11/15 10:07:48,새송이(새송이버섯(일반)),1kg,1000,1
11/15 10:07:45,새송이(새송이버섯(일반)),1kg,1500,15
11/15 10:07:42,새송이(새송이버섯(일반)),1kg,1500,15
11/15 10:07:28,새송이(새송이버섯(일반)),1kg,500,19
11/15 10:07:24,새송이(새송이버섯(일반)),1kg,1250,5
11/15 10:07:21,새송이(새송이버섯(일반)),1kg,1500,11
11/15 10:07:16,새송이(새송이버섯(일반)),1kg,3000,11
11/15 10:06:58,새송이(새송이버섯(일반)),1kg,3200,11
11/15 10:06:51,새송이(새송이버섯(일반)),1kg,3200,11
11/15 10:06:48,새송이(새송이버섯(일반)),1kg,3200,11
11/15 10:06:46,새송이(새송이버섯(일반)),1kg,3200,11
11/15 10:06:39,새송이(새송이버섯(일반)),1kg,3200,11
11/15 10:06:37,새송이(새송이버섯(일반)),1kg,3200,12
11/15 10:06:34,새송이(새송이버섯(일반)),1kg,3200,12
11/15 10:06:23,새송이(새송이버섯(일반)),1kg,500,2
11/15 10:06:18,새송이(새송이버섯(일반)),1kg,2500,65
11/15 10:06:11,새송이(새송이버섯(일반)),1kg,2750,65
11/15 10:06:08,새송이(새송이버섯(일반)),1kg,2750,65
11/15 10:06:05,새송이(새송이버섯(일반)),1kg,2750,67
11/15 10:05:58,새송이(새송이버섯(일반)),1kg,2750,65
11/15 10:05:56,새송이(새송이버섯(일반)),1kg,2750,65
11/15 10:05:53,새송이(새송이버섯(일반)),1kg,2750,65
11/15 10:05:51,새송이(새송이버섯(일반)),1kg,2750,65
11/15 10:05:48,새송이(새송이버섯(일반)),1kg,2750,65
11/15 10:05:45,새송이(새송이버섯(일반)),1kg,2750,65
11/15 10:05:42,새송이(새송이버섯(일반)),1kg,2750,65
11/15 10:05:39,새송이(새송이버섯(일반)),1kg,2750,65
11/15 10:05:33,새송이(새송이버섯(일반)),1kg,2750,22
11/15 10:05:30,새송이(새송이버섯(일반)),1kg,2750,65
11/15 10:05:28,새송이(새송이버섯(일반)),1kg,2750,65
11/15 10:05:25,새송이(새송이버섯(일반)),1kg,2750,65
11/15 10:05:22,새송이(새송이버섯(일반)),1kg,2750,65
11/15 10:05:19,새송이(새송이버섯(일반)),1kg,2750,65
11/15 10:05:16,새송이(새송이버섯(일반)),1kg,2750,65
11/15 10:05:09,새송이(새송이버섯(일반)),1kg,150,5
11/15 10:05:05,새송이(새송이버섯(일반)),1kg,500,1
11/15 10:05:00,새송이(새송이버섯(일반)),1kg,1000,25
11/15 10:04:55,새송이(새송이버섯(일반)),1kg,1250,26
11/15 10:04:52,새송이(새송이버섯(일반)),1kg,1250,26
11/15 10:04:48,새송이(새송이버섯(일반)),1kg,1750,11
11/15 10:04:43,새송이(새송이버섯(일반)),1kg,50,11
11/15 10:04:43,새송이(새송이버섯(일반)),1kg,1250,26
11/15 10:04:37,새송이(새송이버섯(일반)),1kg,2500,15
11/15 10:04:35,새송이(새송이버섯(일반)),1kg,1000,20
11/15 10:04:35,새송이(새송이버섯(일반)),1kg,2500,15
11/15 10:04:32,새송이(새송이버섯(일반)),1kg,1000,20
11/15 10:04:28,새송이(새송이버섯(일반)),1kg,1750,50
11/15 10:04:25,새송이(새송이버섯(일반)),1kg,2500,40
11/15 10:04:22,새송이(새송이버섯(일반)),1kg,2750,69
11/15 10:04:21,새송이(새송이버섯(일반)),1kg,2500,40
11/15 10:04:19,새송이(새송이버섯(일반)),1kg,2500,60
11/15 10:04:19,새송이(새송이버섯(일반)),1kg,2750,70
11/15 10:04:16,새송이(새송이버섯(일반)),1kg,2500,60
11/15 10:04:14,새송이(새송이버섯(일반)),1kg,2500,60
11/15 10:04:14,새송이(새송이버섯(일반)),1kg,2750,68
11/15 10:04:12,새송이(새송이버섯(일반)),1kg,2750,70
11/15 10:04:09,새송이(새송이버섯(일반)),1kg,2750,70
11/15 10:04:05,새송이(새송이버섯(일반)),1kg,2500,18
11/15 10:04:04,새송이(새송이버섯(일반)),1kg,2750,60
11/15 10:04:02,새송이(새송이버섯(일반)),1kg,2000,16
11/15 10:04:01,새송이(새송이버섯(일반)),1kg,2750,60
11/15 10:03:58,새송이(새송이버섯(일반)),1kg,2250,19
11/15 10:03:58,새송이(새송이버섯(일반)),1kg,2750,60
11/15 10:03:55,새송이(새송이버섯(일반)),1kg,2750,63
11/15 10:03:54,새송이(새송이버섯(일반)),1kg,1500,26
11/15 10:03:51,새송이(새송이버섯(일반)),1kg,1500,26
11/15 10:03:48,새송이(새송이버섯(일반)),1kg,1500,25
11/15 10:03:45,새송이(새송이버섯(일반)),1kg,1500,25
11/15 10:03:25,새송이(새송이버섯(일반)),1kg,2250,21
11/15 10:03:21,새송이(새송이버섯(일반)),1kg,2000,7
11/15 10:03:18,새송이(새송이버섯(일반)),1kg,2000,6
11/15 10:03:14,새송이(새송이버섯(일반)),1kg,100,5
11/15 10:03:10,새송이(새송이버섯(일반)),1kg,1250,27
11/15 10:03:07,새송이(새송이버섯(일반)),1kg,1250,27
11/15 10:03:04,새송이(새송이버섯(일반)),1kg,1250,26
11/15 10:03:00,새송이(새송이버섯(일반)),1kg,2500,57
11/15 10:02:57,새송이(새송이버섯(일반)),1kg,2500,56
11/15 10:02:54,새송이(새송이버섯(일반)),1kg,2500,56
11/15 10:02:52,새송이(새송이버섯(일반)),1kg,2500,65
11/15 10:02:49,새송이(새송이버섯(일반)),1kg,2500,65
11/15 10:02:47,새송이(새송이버섯(일반)),1kg,2500,65
11/15 10:02:44,새송이(새송이버섯(일반)),1kg,2500,65
11/15 10:02:39,새송이(새송이버섯(일반)),1kg,2500,63
11/15 10:02:35,새송이(새송이버섯(일반)),1kg,2500,63
11/15 10:02:32,새송이(새송이버섯(일반)),1kg,2500,63
11/15 10:02:29,새송이(새송이버섯(일반)),1kg,2500,65
11/15 10:02:25,새송이(새송이버섯(일반)),1kg,2500,65
11/15 10:02:23,새송이(새송이버섯(일반)),1kg,2500,65
11/15 10:02:20,새송이(새송이버섯(일반)),1kg,2500,65
11/15 10:02:18,새송이(새송이버섯(일반)),1kg,2500,65
11/15 10:02:15,새송이(새송이버섯(일반)),1kg,2500,65
11/15 10:02:13,새송이(새송이버섯(일반)),1kg,2500,65
11/15 10:01:39,새송이(새송이버섯(일반)),1kg,1250,29
11/15 10:01:36,새송이(새송이버섯(일반)),1kg,1250,28
11/15 10:01:32,새송이(새송이버섯(일반)),1kg,100,10
11/15 10:01:29,새송이(새송이버섯(일반)),1kg,2000,22
11/15 10:01:25,새송이(새송이버섯(일반)),1kg,1750,13
11/15 10:01:21,새송이(새송이버섯(일반)),1kg,2500,21
11/15 10:01:17,새송이(새송이버섯(일반)),1kg,2500,47
11/15 10:01:14,새송이(새송이버섯(일반)),1kg,2500,47
11/15 10:01:12,새송이(새송이버섯(일반)),1kg,2500,46
11/15 10:01:08,새송이(새송이버섯(일반)),1kg,2500,50
11/15 10:01:05,새송이(새송이버섯(일반)),1kg,2500,50
11/15 10:01:01,새송이(새송이버섯(일반)),1kg,2500,60
11/15 10:01:00,새송이(새송이버섯(일반)),1kg,2250,80
11/15 10:00:59,새송이(새송이버섯(일반)),1kg,2500,60
11/15 10:00:57,새송이(새송이버섯(일반)),1kg,2500,60
11/15 10:00:54,새송이(새송이버섯(일반)),1kg,2500,60
11/15 10:00:54,새송이(새송이버섯(일반)),1kg,2125,80
11/15 10:00:52,새송이(새송이버섯(일반)),1kg,2125,80
11/15 10:00:48,새송이(새송이버섯(일반)),1kg,2125,80
11/15 10:00:45,새송이(새송이버섯(일반)),1kg,2125,80
11/15 10:00:43,새송이(새송이버섯(일반)),1kg,2125,80
11/15 10:00:40,새송이(새송이버섯(일반)),1kg,2125,80
11/15 10:00:37,새송이(새송이버섯(일반)),1kg,2125,80
11/15 10:00:34,새송이(새송이버섯(일반)),1kg,2125,80
11/15 10:00:24,새송이(새송이버섯(일반)),1kg,2125,80
11/15 10:00:11,새송이(새송이버섯(일반)),1kg,2750,40
11/15 10:00:05,새송이(새송이버섯(일반)),1kg,1500,15
11/15 10:00:04,새송이(새송이버섯(일반)),1kg,2750,40
11/15 10:00:02,새송이(새송이버섯(일반)),1kg,1500,15
11/15 10:00:00,새송이(새송이버섯(일반)),1kg,2750,40
11/15 09:59:59,새송이(새송이버섯(일반)),1kg,1250,28
11/15 09:59:57,새송이(새송이버섯(일반)),1kg,2750,40
11/15 09:59:55,새송이(새송이버섯(일반)),1kg,1000,28
11/15 09:59:51,새송이(새송이버섯(일반)),1kg,1000,28
11/15 09:59:51,새송이(새송이버섯(일반)),1kg,2750,40
11/15 09:59:47,새송이(새송이버섯(일반)),1kg,1000,28
11/15 09:59:47,새송이(새송이버섯(일반)),1kg,2750,40
11/15 09:59:43,새송이(새송이버섯(일반)),1kg,1750,8
11/15 09:59:39,새송이(새송이버섯(일반)),1kg,2000,20
11/15 09:59:39,새송이(새송이버섯(일반)),1kg,2750,40
11/15 09:59:35,새송이(새송이버섯(일반)),1kg,2250,55
11/15 09:59:32,새송이(새송이버섯(일반)),1kg,2750,40
11/15 09:59:30,새송이(새송이버섯(일반)),1kg,2500,37
11/15 09:59:29,새송이(새송이버섯(일반)),1kg,2750,40
11/15 09:59:27,새송이(새송이버섯(일반)),1kg,2500,36
11/15 09:59:25,새송이(새송이버섯(일반)),1kg,2750,40
11/15 09:59:23,새송이(새송이버섯(일반)),1kg,2500,64
11/15 09:59:18,새송이(새송이버섯(일반)),1kg,2750,40
11/15 09:59:17,새송이(새송이버섯(일반)),1kg,2750,64
11/15 09:59:15,새송이(새송이버섯(일반)),1kg,2750,40
11/15 09:59:13,새송이(새송이버섯(일반)),1kg,2750,64
11/15 09:59:06,새송이(새송이버섯(일반)),1kg,2500,54
11/15 09:59:04,새송이(새송이버섯(일반)),1kg,1750,50
11/15 09:59:02,새송이(새송이버섯(일반)),1kg,2500,53
11/15 09:59:01,새송이(새송이버섯(일반)),1kg,1750,50
11/15 09:58:59,새송이(새송이버섯(일반)),1kg,2500,53
11/15 09:58:57,새송이(새송이버섯(일반)),1kg,1750,50
11/15 09:58:54,새송이(새송이버섯(일반)),1kg,2000,15
11/15 09:58:50,새송이(새송이버섯(일반)),1kg,2250,30
11/15 09:58:50,새송이(새송이버섯(일반)),1kg,1750,35
11/15 09:58:47,새송이(새송이버섯(일반)),1kg,1750,35
11/15 09:58:45,새송이(새송이버섯(일반)),1kg,2750,60
11/15 09:58:42,새송이(새송이버섯(일반)),1kg,2750,59
11/15 09:58:39,새송이(새송이버섯(일반)),1kg,3000,13
11/15 09:58:36,새송이(새송이버섯(일반)),1kg,3000,35
11/15 09:58:32,새송이(새송이버섯(일반)),1kg,3000,35
11/15 09:58:32,새송이(새송이버섯(일반)),1kg,2750,11
11/15 09:58:28,새송이(새송이버섯(일반)),1kg,2000,2
11/15 09:58:23,새송이(새송이버섯(일반)),1kg,2500,7
11/15 09:58:23,새송이(새송이버섯(일반)),1kg,2750,50
11/15 09:58:20,새송이(새송이버섯(일반)),1kg,2750,50
11/15 09:58:19,새송이(새송이버섯(일반)),1kg,2750,41
11/15 09:58:17,새송이(새송이버섯(일반)),1kg,2750,60
11/15 09:58:15,새송이(새송이버섯(일반)),1kg,2750,41
11/15 09:58:13,새송이(새송이버섯(일반)),1kg,2750,60
11/15 09:58:10,새송이(새송이버섯(일반)),1kg,3250,52
11/15 09:58:10,새송이(새송이버섯(일반)),1kg,2750,60
11/15 09:58:07,새송이(새송이버섯(일반)),1kg,2500,60
11/15 09:58:06,새송이(새송이버섯(일반)),1kg,3250,52
11/15 09:58:04,새송이(새송이버섯(일반)),1kg,2500,60
11/15 09:58:01,새송이(새송이버섯(일반)),1kg,2500,60
11/15 09:57:58,새송이(새송이버섯(일반)),1kg,2500,60
11/15 09:57:55,새송이(새송이버섯(일반)),1kg,2500,60
11/15 09:57:52,새송이(새송이버섯(일반)),1kg,2500,60
11/15 09:57:48,새송이(새송이버섯(일반)),1kg,1750,23
11/15 09:57:44,새송이(새송이버섯(일반)),1kg,1750,6
11/15 09:57:43,새송이(새송이버섯(일반)),1kg,1250,100
11/15 09:57:40,새송이(새송이버섯(일반)),1kg,750,10
11/15 09:57:36,새송이(새송이버섯(일반)),1kg,3250,40
11/15 09:57:35,새송이(새송이버섯(일반)),1kg,1500,24
11/15 09:57:32,새송이(새송이버섯(일반)),1kg,1500,24
11/15 09:57:32,새송이(새송이버섯(일반)),1kg,3250,40
11/15 09:57:26,새송이(새송이버섯(일반)),1kg,750,24
11/15 09:57:24,새송이(새송이버섯(일반)),1kg,2000,60
11/15 09:57:22,새송이(새송이버섯(일반)),1kg,2333,13
11/15 09:57:20,새송이(새송이버섯(일반)),1kg,2000,60
11/15 09:57:17,새송이(새송이버섯(일반)),1kg,1875,65
11/15 09:57:15,새송이(새송이버섯(일반)),1kg,2200,24
11/15 09:57:14,새송이(새송이버섯(일반)),1kg,1875,65
11/15 09:57:11,새송이(새송이버섯(일반)),1kg,2200,24
11/15 09:57:06,새송이(새송이버섯(일반)),1kg,2200,24
11/15 09:57:02,새송이(새송이버섯(일반)),1kg,2200,24
11/15 09:56:55,새송이(새송이버섯(일반)),1kg,2000,15
11/15 09:56:51,새송이(새송이버섯(일반)),1kg,1750,3
11/15 09:56:46,새송이(새송이버섯(일반)),1kg,1250,2
11/15 09:56:41,새송이(새송이버섯(일반)),1kg,2800,2
11/15 09:56:37,새송이(새송이버섯(일반)),1kg,3000,1
11/15 09:56:32,새송이(새송이버섯(일반)),1kg,3000,2
11/15 09:56:20,새송이(새송이버섯(일반)),1kg,3200,2
11/15 09:56:16,새송이(새송이버섯(일반)),1kg,3000,13
11/15 09:56:11,새송이(새송이버섯(일반)),1kg,3600,15
11/15 09:56:07,새송이(새송이버섯(일반)),1kg,3600,15
11/15 09:56:04,새송이(새송이버섯(일반)),1kg,1300,140
11/15 09:56:02,새송이(새송이버섯(일반)),1kg,3600,13
11/15 09:55:59,새송이(새송이버섯(일반)),1kg,3600,13
11/15 09:55:56,새송이(새송이버섯(일반)),1kg,3250,45
11/15 09:55:55,새송이(새송이버섯(일반)),1kg,3600,21
11/15 09:55:53,새송이(새송이버섯(일반)),1kg,3250,45
11/15 09:55:50,새송이(새송이버섯(일반)),1kg,3600,21
11/15 09:55:46,새송이(새송이버섯(일반)),1kg,3600,21
11/15 09:55:45,새송이(새송이버섯(일반)),1kg,1875,75
11/15 09:55:42,새송이(새송이버섯(일반)),1kg,3600,21
11/15 09:55:41,새송이(새송이버섯(일반)),1kg,1875,75
11/15 09:55:38,새송이(새송이버섯(일반)),1kg,3600,20
11/15 09:55:38,새송이(새송이버섯(일반)),1kg,1875,75
11/15 09:55:35,새송이(새송이버섯(일반)),1kg,1875,75
11/15 09:55:32,새송이(새송이버섯(일반)),1kg,3800,20
11/15 09:55:26,새송이(새송이버섯(일반)),1kg,150,480
11/15 09:55:16,새송이(새송이버섯(일반)),1kg,166,480
11/15 09:55:08,새송이(새송이버섯(일반)),1kg,1875,80
11/15 09:54:08,새송이(새송이버섯(일반)),1kg,2500,42
11/15 09:54:05,새송이(새송이버섯(일반)),1kg,2500,42
11/15 09:53:57,새송이(새송이버섯(일반)),1kg,3000,50
11/15 09:53:47,새송이(새송이버섯(일반)),1kg,1950,30
11/15 09:53:40,새송이(새송이버섯(일반)),1kg,2500,40
11/15 09:53:36,새송이(새송이버섯(일반)),1kg,2500,40
11/15 09:53:29,새송이(새송이버섯(일반)),1kg,2750,40
11/15 09:53:26,새송이(새송이버섯(일반)),1kg,2750,40
11/15 09:53:17,새송이(새송이버섯(일반)),1kg,1200,92
11/15 09:53:12,새송이(새송이버섯(일반)),1kg,1150,96
11/15 09:53:03,새송이(새송이버섯(일반)),1kg,1950,128
11/15 09:52:55,새송이(새송이버섯(일반)),1kg,1875,80
11/15 09:52:46,새송이(새송이버섯(일반)),1kg,2000,40
11/15 09:52:42,새송이(새송이버섯(일반)),1kg,2000,40
11/15 09:52:31,새송이(새송이버섯(일반)),1kg,1800,112
11/15 09:52:23,새송이(새송이버섯(일반)),1kg,1150,4
11/15 09:52:15,새송이(새송이버섯(일반)),1kg,1150,6
11/15 09:52:07,새송이(새송이버섯(일반)),1kg,1600,64
11/15 09:51:52,새송이(새송이버섯(일반)),1kg,1800,30
11/15 09:51:44,새송이(새송이버섯(일반)),1kg,1750,80
11/15 09:50:49,새송이(새송이버섯(일반)),1kg,3412,2
11/15 09:50:49,새송이(새송이버섯(일반)),1kg,2362,4
11/15 09:50:16,새송이(새송이버섯(일반)),1kg,380,80
11/15 09:50:09,새송이(새송이버섯(일반)),1kg,380,190
11/15 09:49:58,새송이(새송이버섯(일반)),1kg,900,39
11/15 09:49:50,새송이(새송이버섯(일반)),1kg,300,12
11/15 09:49:39,새송이(새송이버섯(일반)),1kg,1400,90
11/15 09:49:30,새송이(새송이버섯(일반)),1kg,2500,12
11/15 09:49:23,새송이(새송이버섯(일반)),1kg,2250,39
11/15 09:49:20,새송이(새송이버섯(일반)),1kg,2250,39
11/15 09:49:11,새송이(새송이버섯(일반)),1kg,3500,44
11/15 09:49:08,새송이(새송이버섯(일반)),1kg,3500,50
11/15 09:49:05,새송이(새송이버섯(일반)),1kg,3500,50
11/15 09:49:02,새송이(새송이버섯(일반)),1kg,3500,40
11/15 09:48:59,새송이(새송이버섯(일반)),1kg,3500,50
11/15 09:48:56,새송이(새송이버섯(일반)),1kg,3500,50
11/15 09:48:53,새송이(새송이버섯(일반)),1kg,3500,50
11/15 09:48:50,새송이(새송이버섯(일반)),1kg,3500,50
11/15 09:48:38,새송이(새송이버섯(일반)),1kg,2000,2
11/15 09:48:30,새송이(새송이버섯(일반)),1kg,2750,23
11/15 09:48:23,새송이(새송이버섯(일반)),1kg,3250,49
11/15 09:48:20,새송이(새송이버섯(일반)),1kg,3250,49
11/15 09:48:11,새송이(새송이버섯(일반)),1kg,750,12
11/15 09:47:53,새송이(새송이버섯(일반)),1kg,400,72
11/15 09:47:45,새송이(새송이버섯(일반)),1kg,2000,72
11/15 09:47:35,새송이(새송이버섯(일반)),1kg,3000,1
11/15 09:47:28,새송이(새송이버섯(일반)),1kg,2500,37
11/15 09:47:21,새송이(새송이버섯(일반)),1kg,3500,22
11/15 09:47:11,새송이(새송이버섯(일반)),1kg,750,4
11/15 09:47:04,새송이(새송이버섯(일반)),1kg,500,22
11/15 09:46:56,새송이(새송이버섯(일반)),1kg,1600,50
11/15 09:46:49,새송이(새송이버섯(일반)),1kg,1250,5
11/15 09:46:41,새송이(새송이버섯(일반)),1kg,2250,13
11/15 09:46:33,새송이(새송이버섯(일반)),1kg,2500,5
11/15 09:46:27,새송이(새송이버섯(일반)),1kg,3750,29
11/15 09:46:23,새송이(새송이버섯(일반)),1kg,3750,30
11/15 09:46:13,새송이(새송이버섯(일반)),1kg,350,96
11/15 09:46:05,새송이(새송이버섯(일반)),1kg,3750,13
11/15 09:45:57,새송이(새송이버섯(일반)),1kg,5000,6
11/15 09:45:51,새송이(새송이버섯(일반)),1kg,4000,28
11/15 09:45:47,새송이(새송이버섯(일반)),1kg,4000,28
11/15 09:45:40,새송이(새송이버섯(일반)),1kg,4500,45
11/15 09:45:36,새송이(새송이버섯(일반)),1kg,4500,45
11/15 09:45:33,새송이(새송이버섯(일반)),1kg,4500,46
11/15 09:45:23,새송이(새송이버섯(일반)),1kg,4000,8
11/15 09:44:45,새송이(새송이버섯(일반)),1kg,460,100
11/15 09:44:44,새송이(새송이버섯(일반)),1kg,3675,10
11/15 09:44:41,새송이(새송이버섯(일반)),1kg,460,110
11/15 09:44:34,새송이(새송이버섯(일반)),1kg,440,160
11/15 09:44:30,새송이(새송이버섯(일반)),1kg,440,160
11/15 09:44:26,새송이(새송이버섯(일반)),1kg,440,170
11/15 09:40:37,새송이(새송이버섯(일반)),1kg,3675,6
11/15 09:40:37,새송이(새송이버섯(일반)),1kg,4200,3
11/15 09:37:22,새송이(새송이버섯(일반)),1kg,200,800
11/15 09:37:17,새송이(새송이버섯(일반)),1kg,200,800
11/15 09:37:15,새송이(새송이버섯(일반)),1kg,200,800
11/15 09:37:13,새송이(새송이버섯(일반)),1kg,200,800
11/15 09:37:04,새송이(새송이버섯(일반)),1kg,1250,20
11/15 09:36:59,새송이(새송이버섯(일반)),1kg,100,600
11/15 09:36:57,새송이(새송이버섯(일반)),1kg,100,600
11/15 09:36:47,새송이(새송이버섯(일반)),1kg,2000,40
11/15 09:36:42,새송이(새송이버섯(일반)),1kg,2250,40
11/15 09:36:37,새송이(새송이버섯(일반)),1kg,2250,20
11/15 09:36:30,새송이(새송이버섯(일반)),1kg,2500,60
11/15 09:36:27,새송이(새송이버섯(일반)),1kg,2500,60
11/15 09:36:25,새송이(새송이버섯(일반)),1kg,2500,68
11/15 09:36:18,새송이(새송이버섯(일반)),1kg,2250,80
11/15 09:36:15,새송이(새송이버섯(일반)),1kg,2250,80
11/15 09:36:08,새송이(새송이버섯(일반)),1kg,2500,85
11/15 09:36:03,새송이(새송이버섯(일반)),1kg,2750,85
11/15 09:07:23,새송이(새송이버섯(일반)),1kg,2900,150
11/15 08:37:38,새송이(새송이버섯(일반)),1kg,2000,72
11/15 08:37:38,새송이(새송이버섯(일반)),1kg,2000,80
11/15 08:37:14,새송이(새송이버섯(일반)),1kg,4666,2
11/15 08:37:14,새송이(새송이버섯(일반)),1kg,4666,1
11/15 08:37:14,새송이(새송이버섯(일반)),1kg,4666,6
11/15 08:37:14,새송이(새송이버섯(일반)),1kg,5666,2
11/15 08:18:06,새송이(새송이버섯(일반)),1kg,2125,2
11/15 08:18:06,새송이(새송이버섯(일반)),1kg,2125,5
11/15 08:18:06,새송이(새송이버섯(일반)),1kg,2125,5
11/15 08:18:06,새송이(새송이버섯(일반)),1kg,2125,5
11/15 08:18:06,새송이(새송이버섯(일반)),1kg,2125,1
11/15 08:18:06,새송이(새송이버섯(일반)),1kg,2125,1
11/15 08:18:06,새송이(새송이버섯(일반)),1kg,2125,2
11/15 08:18:06,새송이(새송이버섯(일반)),1kg,2125,1
11/15 08:18:06,새송이(새송이버섯(일반)),1kg,2125,2
11/15 08:18:06,새송이(새송이버섯(일반)),1kg,2125,2
11/15 08:18:06,새송이(새송이버섯(일반)),1kg,2125,5
11/15 08:18:06,새송이(새송이버섯(일반)),1kg,2125,1
11/15 08:18:06,새송이(새송이버섯(일반)),1kg,2125,5
11/15 08:18:06,새송이(새송이버섯(일반)),1kg,2125,5
11/15 08:18:06,새송이(새송이버섯(일반)),1kg,2125,5
11/15 08:18:06,새송이(새송이버섯(일반)),1kg,2125,2
11/15 08:18:06,새송이(새송이버섯(일반)),1kg,2125,5
11/15 08:18:06,새송이(새송이버섯(일반)),1kg,2125,15
11/15 08:18:06,새송이(새송이버섯(일반)),1kg,2125,1
11/15 08:18:06,새송이(새송이버섯(일반)),1kg,2125,2
11/15 08:18:06,새송이(새송이버섯(일반)),1kg,2125,2
11/15 08:18:06,새송이(새송이버섯(일반)),1kg,2125,1
11/15 08:18:06,새송이(새송이버섯(일반)),1kg,2125,5
11/15 08:10:36,새송이(새송이버섯(일반)),1kg,3500,6
11/15 08:10:36,새송이(새송이버섯(일반)),1kg,3500,10
11/15 08:10:36,새송이(새송이버섯(일반)),1kg,3500,8
11/15 08:10:36,새송이(새송이버섯(일반)),1kg,1250,43
11/15 08:10:36,새송이(새송이버섯(일반)),1kg,3500,50
11/15 08:10:36,새송이(새송이버섯(일반)),1kg,3500,5
11/15 08:10:36,새송이(새송이버섯(일반)),1kg,3500,12
11/15 08:10:36,새송이(새송이버섯(일반)),1kg,3500,5
11/15 07:57:10,새송이(새송이버섯(일반)),1kg,2375,10
11/15 07:57:10,새송이(새송이버섯(일반)),1kg,2375,10
11/15 07:09:57,새송이(새송이버섯(일반)),1kg,1750,13
11/15 07:09:57,새송이(새송이버섯(일반)),1kg,1750,13
11/15 07:09:48,새송이(새송이버섯(일반)),1kg,3250,50
11/15 07:09:48,새송이(새송이버섯(일반)),1kg,3250,50
11/15 07:09:41,새송이(새송이버섯(일반)),1kg,3600,35
11/15 07:09:41,새송이(새송이버섯(일반)),1kg,3600,35
11/15 07:09:40,새송이(새송이버섯(일반)),1kg,4250,5
11/15 07:09:40,새송이(새송이버섯(일반)),1kg,5000,5
11/15 07:09:40,새송이(새송이버섯(일반)),1kg,3125,2
11/15 07:09:40,새송이(새송이버섯(일반)),1kg,233,30
11/15 07:09:33,새송이(새송이버섯(일반)),1kg,3500,35
11/15 07:09:33,새송이(새송이버섯(일반)),1kg,3500,35
11/15 07:09:16,새송이(새송이버섯(일반)),1kg,1000,72
11/15 07:09:16,새송이(새송이버섯(일반)),1kg,1000,72
11/15 07:09:03,새송이(새송이버섯(일반)),1kg,1500,13
11/15 07:09:03,새송이(새송이버섯(일반)),1kg,1500,13
11/15 07:08:54,새송이(새송이버섯(일반)),1kg,2100,48
11/15 07:08:54,새송이(새송이버섯(일반)),1kg,2100,48
11/15 07:08:43,새송이(새송이버섯(일반)),1kg,2050,50
11/15 07:08:43,새송이(새송이버섯(일반)),1kg,2050,50
11/15 07:08:26,새송이(새송이버섯(일반)),1kg,2650,52
11/15 07:08:26,새송이(새송이버섯(일반)),1kg,2650,52
11/15 07:08:19,새송이(새송이버섯(일반)),1kg,2600,52
11/15 07:08:19,새송이(새송이버섯(일반)),1kg,2600,52
11/15 07:08:04,새송이(새송이버섯(일반)),1kg,3050,42
11/15 07:08:04,새송이(새송이버섯(일반)),1kg,3050,42
11/15 07:07:58,새송이(새송이버섯(일반)),1kg,3000,43
11/15 07:07:58,새송이(새송이버섯(일반)),1kg,3000,43
11/15 07:07:46,새송이(새송이버섯(일반)),1kg,1150,48
11/15 07:07:46,새송이(새송이버섯(일반)),1kg,1150,48
11/15 07:07:36,새송이(새송이버섯(일반)),1kg,1550,27
11/15 07:07:36,새송이(새송이버섯(일반)),1kg,1550,27
11/15 07:07:29,새송이(새송이버섯(일반)),1kg,3025,2
11/15 07:07:23,새송이(새송이버섯(일반)),1kg,2050,40
11/15 07:07:23,새송이(새송이버섯(일반)),1kg,2050,40
11/15 07:07:16,새송이(새송이버섯(일반)),1kg,2000,41
11/15 07:07:16,새송이(새송이버섯(일반)),1kg,2000,41
11/15 07:07:08,새송이(새송이버섯(일반)),1kg,3400,20
11/15 07:07:08,새송이(새송이버섯(일반)),1kg,1540,1
11/15 07:07:08,새송이(새송이버섯(일반)),1kg,3400,20
11/15 07:07:02,새송이(새송이버섯(일반)),1kg,2000,39
11/15 07:07:02,새송이(새송이버섯(일반)),1kg,2000,39
11/15 07:06:43,새송이(새송이버섯(일반)),1kg,2600,40
11/15 07:06:43,새송이(새송이버섯(일반)),1kg,2600,40
11/15 07:06:30,새송이(새송이버섯(일반)),1kg,1300,60
11/15 07:06:30,새송이(새송이버섯(일반)),1kg,1300,60
11/15 07:00:56,새송이(새송이버섯(일반)),1kg,750,6
11/15 06:51:52,새송이(새송이버섯(일반)),1kg,4680,16
11/15 06:51:52,새송이(새송이버섯(일반)),1kg,2925,8
11/15 06:51:52,새송이(새송이버섯(일반)),1kg,2520,24
11/15 06:51:52,새송이(새송이버섯(일반)),1kg,2780,6
11/15 06:51:52,새송이(새송이버섯(일반)),1kg,2780,7
11/15 06:51:52,새송이(새송이버섯(일반)),1kg,2487,12
11/15 06:51:52,새송이(새송이버섯(일반)),1kg,2750,6
11/15 06:51:52,새송이(새송이버섯(일반)),1kg,2520,24
11/15 06:51:52,새송이(새송이버섯(일반)),1kg,4680,17
11/15 06:51:52,새송이(새송이버섯(일반)),1kg,4390,10
11/15 06:51:52,새송이(새송이버섯(일반)),1kg,4390,10
11/15 06:51:52,새송이(새송이버섯(일반)),1kg,4390,10
11/15 06:51:52,새송이(새송이버섯(일반)),1kg,2750,7
11/15 06:51:52,새송이(새송이버섯(일반)),1kg,2110,64
11/15 06:51:52,새송이(새송이버섯(일반)),1kg,2487,12
11/15 06:51:52,새송이(새송이버섯(일반)),1kg,2780,7
11/15 06:51:52,새송이(새송이버섯(일반)),1kg,2925,8
11/15 06:51:52,새송이(새송이버섯(일반)),1kg,2520,12
11/15 06:51:52,새송이(새송이버섯(일반)),1kg,4680,17
11/15 06:51:52,새송이(새송이버섯(일반)),1kg,2750,7
11/15 06:51:52,새송이(새송이버섯(일반)),1kg,2487,12
11/15 06:51:52,새송이(새송이버섯(일반)),1kg,2925,12
11/15 06:50:54,새송이(새송이버섯(일반)),1kg,3350,40
11/15 06:49:53,새송이(새송이버섯(일반)),1kg,2500,24
11/15 06:49:51,새송이(새송이버섯(일반)),1kg,2500,24
11/15 06:49:47,새송이(새송이버섯(일반)),1kg,2750,24
11/15 06:49:44,새송이(새송이버섯(일반)),1kg,2750,24
11/15 06:49:21,새송이(새송이버섯(일반)),1kg,2075,10
11/15 06:49:17,새송이(새송이버섯(일반)),1kg,2075,10
11/15 06:49:13,새송이(새송이버섯(일반)),1kg,2100,10
11/15 06:49:10,새송이(새송이버섯(일반)),1kg,2075,10
11/15 06:49:08,새송이(새송이버섯(일반)),1kg,2075,10
11/15 06:49:05,새송이(새송이버섯(일반)),1kg,2075,10
11/15 06:49:03,새송이(새송이버섯(일반)),1kg,2075,10
11/15 06:49:00,새송이(새송이버섯(일반)),1kg,2075,10
11/15 06:48:55,새송이(새송이버섯(일반)),1kg,2100,10
11/15 06:48:47,새송이(새송이버섯(일반)),1kg,2300,20
11/15 06:48:34,새송이(새송이버섯(일반)),1kg,2650,33
11/15 06:47:32,새송이(새송이버섯(일반)),1kg,3050,44
11/15 06:47:26,새송이(새송이버섯(일반)),1kg,3150,43
11/15 06:47:19,새송이(새송이버섯(일반)),1kg,2375,10
11/15 06:47:12,새송이(새송이버섯(일반)),1kg,2375,10
11/15 06:47:08,새송이(새송이버섯(일반)),1kg,2375,10
11/15 06:47:04,새송이(새송이버섯(일반)),1kg,2375,10
11/15 06:46:48,새송이(새송이버섯(일반)),1kg,1350,20
11/15 06:46:43,새송이(새송이버섯(일반)),1kg,1300,20
11/15 06:46:37,새송이(새송이버섯(일반)),1kg,2150,20
11/15 06:46:32,새송이(새송이버섯(일반)),1kg,3150,30
11/15 06:46:28,새송이(새송이버섯(일반)),1kg,3100,30
11/15 06:46:23,새송이(새송이버섯(일반)),1kg,3350,30
11/15 06:46:18,새송이(새송이버섯(일반)),1kg,3300,30
11/15 06:42:10,새송이(새송이버섯(일반)),1kg,1400,8
11/15 06:42:05,새송이(새송이버섯(일반)),1kg,2750,4
11/15 06:42:01,새송이(새송이버섯(일반)),1kg,3050,20
11/15 06:41:52,새송이(새송이버섯(일반)),1kg,3100,20
11/15 06:41:48,새송이(새송이버섯(일반)),1kg,1400,9
11/15 06:41:41,새송이(새송이버섯(일반)),1kg,2900,4
11/15 06:41:32,새송이(새송이버섯(일반)),1kg,3400,20
11/15 06:28:59,새송이(새송이버섯(일반)),1kg,2250,2
11/15 06:28:59,새송이(새송이버섯(일반)),1kg,2250,11
11/15 06:28:59,새송이(새송이버섯(일반)),1kg,1250,24
11/15 06:28:43,새송이(새송이버섯(일반)),1kg,2250,1
11/15 06:28:43,새송이(새송이버섯(일반)),1kg,1250,24
11/15 06:28:43,새송이(새송이버섯(일반)),1kg,2250,5
11/15 06:24:43,새송이(새송이버섯(일반)),1kg,1500,2
11/15 06:20:21,새송이(새송이버섯(일반)),1kg,900,3
11/15 06:15:44,새송이(새송이버섯(일반)),1kg,2350,15
11/15 06:15:44,새송이(새송이버섯(일반)),1kg,2350,15
11/15 06:15:38,새송이(새송이버섯(일반)),1kg,2325,15
11/15 06:15:38,새송이(새송이버섯(일반)),1kg,2325,15
11/15 06:06:45,새송이(새송이버섯(일반)),1kg,3500,35
11/15 06:06:45,새송이(새송이버섯(일반)),1kg,225,50
11/15 06:06:45,새송이(새송이버섯(일반)),1kg,1800,30
11/15 06:06:45,새송이(새송이버섯(일반)),1kg,1800,20
11/15 05:42:32,새송이(새송이버섯(일반)),1kg,850,57
11/15 05:42:17,새송이(새송이버섯(일반)),1kg,2350,135
11/15 05:42:08,새송이(새송이버섯(일반)),1kg,2800,132
11/15 05:41:59,새송이(새송이버섯(일반)),1kg,3350,30
11/15 05:41:47,새송이(새송이버섯(일반)),1kg,255,400
11/15 05:41:37,새송이(새송이버섯(일반)),1kg,1000,150
11/15 05:41:27,새송이(새송이버섯(일반)),1kg,2600,150
11/15 05:41:21,새송이(새송이버섯(일반)),1kg,2900,150
11/15 05:41:12,새송이(새송이버섯(일반)),1kg,900,144
11/15 05:41:01,새송이(새송이버섯(일반)),1kg,1150,144
11/15 05:40:51,새송이(새송이버섯(일반)),1kg,2800,20
11/15 05:40:46,새송이(새송이버섯(일반)),1kg,3250,22
11/15 05:40:43,새송이(새송이버섯(일반)),1kg,2900,20
11/15 05:40:42,새송이(새송이버섯(일반)),1kg,3900,18
11/15 05:40:37,새송이(새송이버섯(일반)),1kg,4100,36
11/15 05:40:35,새송이(새송이버섯(일반)),1kg,232,400
11/15 05:40:34,새송이(새송이버섯(일반)),1kg,3750,36
11/15 05:40:26,새송이(새송이버섯(일반)),1kg,1800,8
11/15 05:40:25,새송이(새송이버섯(일반)),1kg,1500,64
11/15 05:40:21,새송이(새송이버섯(일반)),1kg,2750,6
11/15 05:40:16,새송이(새송이버섯(일반)),1kg,3400,12
11/15 05:40:15,새송이(새송이버섯(일반)),1kg,3000,15
11/15 05:40:12,새송이(새송이버섯(일반)),1kg,3550,6
11/15 05:40:10,새송이(새송이버섯(일반)),1kg,3200,45
11/15 05:40:08,새송이(새송이버섯(일반)),1kg,3450,36
11/15 05:40:01,새송이(새송이버섯(일반)),1kg,3150,52
11/15 05:39:55,새송이(새송이버섯(일반)),1kg,3550,100
11/15 05:39:34,새송이(새송이버섯(일반)),1kg,227,500
11/15 05:38:02,새송이(새송이버섯(일반)),1kg,3200,21
11/15 05:37:53,새송이(새송이버섯(일반)),1kg,3450,72
11/15 05:37:44,새송이(새송이버섯(일반)),1kg,3750,90
11/15 05:37:36,새송이(새송이버섯(일반)),1kg,1650,10
11/15 05:37:31,새송이(새송이버섯(일반)),1kg,1550,2
11/15 05:37:23,새송이(새송이버섯(일반)),1kg,3050,54
11/15 05:37:17,새송이(새송이버섯(일반)),1kg,3200,63
11/15 05:37:11,새송이(새송이버섯(일반)),1kg,3400,18
11/15 05:37:00,새송이(새송이버섯(일반)),1kg,1250,120
11/15 05:36:53,새송이(새송이버섯(일반)),1kg,600,36
11/15 05:36:27,새송이(새송이버섯(일반)),1kg,1550,5
11/15 05:36:17,새송이(새송이버섯(일반)),1kg,1700,69
11/15 05:36:09,새송이(새송이버섯(일반)),1kg,257,800
11/15 05:36:04,새송이(새송이버섯(일반)),1kg,255,800
11/15 05:35:56,새송이(새송이버섯(일반)),1kg,1100,200
11/15 05:35:51,새송이(새송이버섯(일반)),1kg,1500,20
11/15 05:34:24,새송이(새송이버섯(일반)),1kg,1900,24
11/15 05:34:17,새송이(새송이버섯(일반)),1kg,1850,40
11/15 05:34:12,새송이(새송이버섯(일반)),1kg,2150,5
11/15 05:34:08,새송이(새송이버섯(일반)),1kg,2800,20
11/15 05:34:03,새송이(새송이버섯(일반)),1kg,3250,40
11/15 05:33:55,새송이(새송이버섯(일반)),1kg,3400,40
11/15 05:33:50,새송이(새송이버섯(일반)),1kg,3400,5
11/15 05:33:45,새송이(새송이버섯(일반)),1kg,1100,12
11/15 05:33:42,새송이(새송이버섯(일반)),1kg,1650,30
11/15 05:33:40,새송이(새송이버섯(일반)),1kg,2600,98
11/15 05:33:37,새송이(새송이버섯(일반)),1kg,2150,2
11/15 05:33:32,새송이(새송이버섯(일반)),1kg,2900,80
11/15 05:33:32,새송이(새송이버섯(일반)),1kg,2900,8
11/15 05:33:27,새송이(새송이버섯(일반)),1kg,3400,14
11/15 05:33:24,새송이(새송이버섯(일반)),1kg,2900,86
11/15 05:33:23,새송이(새송이버섯(일반)),1kg,3650,29
11/15 05:33:20,새송이(새송이버섯(일반)),1kg,3650,30
11/15 05:33:16,새송이(새송이버섯(일반)),1kg,3050,44
11/15 05:33:12,새송이(새송이버섯(일반)),1kg,3200,38
11/15 05:33:04,새송이(새송이버섯(일반)),1kg,2150,63
11/15 05:32:57,새송이(새송이버섯(일반)),1kg,2250,9
11/15 05:32:49,새송이(새송이버섯(일반)),1kg,3000,30
11/15 05:14:46,새송이(새송이버섯(일반)),1kg,3429,2
11/15 05:10:11,새송이(새송이버섯(일반)),1kg,2900,10
11/15 05:10:05,새송이(새송이버섯(일반)),1kg,2250,5
11/15 05:09:34,새송이(새송이버섯(일반)),1kg,2625,10
11/15 05:09:17,새송이(새송이버섯(일반)),1kg,800,12
11/15 05:09:06,새송이(새송이버섯(일반)),1kg,1600,30
11/15 05:09:03,새송이(새송이버섯(일반)),1kg,2000,2
11/15 05:08:53,새송이(새송이버섯(일반)),1kg,2500,7
11/15 05:08:34,새송이(새송이버섯(일반)),1kg,3000,14
11/15 05:08:29,새송이(새송이버섯(일반)),1kg,3400,29
11/15 05:08:25,새송이(새송이버섯(일반)),1kg,3300,30
11/15 05:08:18,새송이(새송이버섯(일반)),1kg,1550,20
11/15 05:08:06,새송이(새송이버섯(일반)),1kg,3200,30
11/15 05:08:04,새송이(새송이버섯(일반)),1kg,3150,30
11/15 05:05:34,새송이(새송이버섯(일반)),1kg,3000,6
11/15 05:05:34,새송이(새송이버섯(일반)),1kg,3000,6
11/15 04:42:19,새송이(새송이버섯(일반)),1kg,4500,5
11/15 04:42:19,새송이(새송이버섯(일반)),1kg,2000,3
11/15 04:42:19,새송이(새송이버섯(일반)),1kg,1750,12
11/15 04:42:11,새송이(새송이버섯(일반)),1kg,900,108
11/15 04:42:07,새송이(새송이버섯(일반)),1kg,800,108
11/15 04:42:00,새송이(새송이버섯(일반)),1kg,225,800
11/15 04:41:54,새송이(새송이버섯(일반)),1kg,212,90
11/15 04:41:46,새송이(새송이버섯(일반)),1kg,237,800
11/15 04:41:40,새송이(새송이버섯(일반)),1kg,230,800
11/15 04:41:34,새송이(새송이버섯(일반)),1kg,227,800
11/15 04:41:27,새송이(새송이버섯(일반)),1kg,500,18
11/15 04:41:20,새송이(새송이버섯(일반)),1kg,1450,27
11/15 04:41:13,새송이(새송이버섯(일반)),1kg,1650,13
11/15 04:41:06,새송이(새송이버섯(일반)),1kg,1650,16
11/15 04:40:59,새송이(새송이버섯(일반)),1kg,1450,76
11/15 04:40:52,새송이(새송이버섯(일반)),1kg,235,710
11/15 04:40:43,새송이(새송이버섯(일반)),1kg,1900,18
11/15 04:40:37,새송이(새송이버섯(일반)),1kg,2750,9
11/15 04:40:30,새송이(새송이버섯(일반)),1kg,2250,30
11/15 04:37:58,새송이(새송이버섯(일반)),1kg,2250,4
11/15 04:37:58,새송이(새송이버섯(일반)),1kg,2500,4
11/15 04:37:58,새송이(새송이버섯(일반)),1kg,1750,5
11/15 04:37:58,새송이(새송이버섯(일반)),1kg,2250,2
11/15 04:37:58,새송이(새송이버섯(일반)),1kg,1625,12
11/15 04:37:50,새송이(새송이버섯(일반)),1kg,3150,44
11/15 04:37:44,새송이(새송이버섯(일반)),1kg,750,60
11/15 04:37:32,새송이(새송이버섯(일반)),1kg,3150,88
11/15 04:37:26,새송이(새송이버섯(일반)),1kg,3300,40
11/15 04:37:25,새송이(새송이버섯(일반)),1kg,2375,3
11/15 04:37:21,새송이(새송이버섯(일반)),1kg,3150,80
11/15 04:37:15,새송이(새송이버섯(일반)),1kg,3150,80
11/15 04:37:09,새송이(새송이버섯(일반)),1kg,3250,120
11/15 04:37:01,새송이(새송이버섯(일반)),1kg,3550,40
11/15 04:36:59,새송이(새송이버섯(일반)),1kg,750,1
11/15 04:36:59,새송이(새송이버섯(일반)),1kg,2250,14
11/15 04:36:55,새송이(새송이버섯(일반)),1kg,3150,80
11/15 04:36:48,새송이(새송이버섯(일반)),1kg,3400,80
11/15 04:36:20,새송이(새송이버섯(일반)),1kg,2750,2
11/15 04:36:20,새송이(새송이버섯(일반)),1kg,2500,2
11/15 04:36:20,새송이(새송이버섯(일반)),1kg,2625,8
11/15 04:35:42,새송이(새송이버섯(일반)),1kg,1800,60
11/15 04:35:34,새송이(새송이버섯(일반)),1kg,255,800
11/15 04:27:06,새송이(새송이버섯(일반)),1kg,2925,16
11/15 04:26:50,새송이(새송이버섯(일반)),1kg,4000,30
11/15 04:19:55,새송이(새송이버섯(일반)),1kg,255,190
11/15 04:19:55,새송이(새송이버섯(일반)),1kg,255,300
11/15 04:19:55,새송이(새송이버섯(일반)),1kg,255,50
11/15 04:19:55,새송이(새송이버섯(일반)),1kg,255,300
11/15 04:19:55,새송이(새송이버섯(일반)),1kg,255,50
11/15 04:19:55,새송이(새송이버섯(일반)),1kg,255,30
11/15 04:19:55,새송이(새송이버섯(일반)),1kg,255,30
11/15 04:19:55,새송이(새송이버섯(일반)),1kg,255,100
11/15 04:19:55,새송이(새송이버섯(일반)),1kg,1500,20
11/15 04:19:55,새송이(새송이버섯(일반)),1kg,1500,28
11/15 04:19:55,새송이(새송이버섯(일반)),1kg,255,50
11/15 04:15:33,새송이(새송이버섯(일반)),1kg,3400,10
11/15 04:13:58,새송이(새송이버섯(일반)),1kg,2050,20
11/15 04:13:52,새송이(새송이버섯(일반)),1kg,2050,20
11/15 04:13:49,새송이(새송이버섯(일반)),1kg,2050,20
11/15 04:13:45,새송이(새송이버섯(일반)),1kg,2050,20
11/15 04:13:35,새송이(새송이버섯(일반)),1kg,2600,30
11/15 04:13:31,새송이(새송이버섯(일반)),1kg,2600,30
11/15 04:13:23,새송이(새송이버섯(일반)),1kg,2450,8
11/15 04:13:22,새송이(새송이버섯(일반)),1kg,3000,48
11/15 04:13:18,새송이(새송이버섯(일반)),1kg,2950,51
11/15 04:13:14,새송이(새송이버섯(일반)),1kg,2900,51
11/15 04:08:10,새송이(새송이버섯(일반)),1kg,1400,41
11/15 04:08:05,새송이(새송이버섯(일반)),1kg,2500,15
11/15 04:07:56,새송이(새송이버섯(일반)),1kg,2900,30
11/15 04:07:48,새송이(새송이버섯(일반)),1kg,2850,30
11/15 04:07:41,새송이(새송이버섯(일반)),1kg,400,40
11/15 04:07:36,새송이(새송이버섯(일반)),1kg,400,40
11/15 04:07:28,새송이(새송이버섯(일반)),1kg,166,225
11/15 04:07:13,새송이(새송이버섯(일반)),1kg,1000,30
11/15 04:07:05,새송이(새송이버섯(일반)),1kg,2050,21
11/15 04:06:58,새송이(새송이버섯(일반)),1kg,2800,30
11/15 04:06:51,새송이(새송이버섯(일반)),1kg,217,400
11/15 04:06:43,새송이(새송이버섯(일반)),1kg,225,400
11/15 04:06:38,새송이(새송이버섯(일반)),1kg,225,400
11/15 04:06:32,새송이(새송이버섯(일반)),1kg,225,400
11/15 04:06:23,새송이(새송이버섯(일반)),1kg,600,32
11/15 04:06:19,새송이(새송이버섯(일반)),1kg,600,40
11/15 04:06:14,새송이(새송이버섯(일반)),1kg,600,40
11/15 04:06:09,새송이(새송이버섯(일반)),1kg,650,40
11/15 04:06:04,새송이(새송이버섯(일반)),1kg,550,40
11/15 04:05:48,새송이(새송이버섯(일반)),1kg,195,400
11/15 04:05:43,새송이(새송이버섯(일반)),1kg,195,400
11/15 04:05:26,새송이(새송이버섯(일반)),1kg,2400,15
11/15 04:05:19,새송이(새송이버섯(일반)),1kg,3400,15
11/15 04:05:11,새송이(새송이버섯(일반)),1kg,3000,42
11/15 04:05:06,새송이(새송이버섯(일반)),1kg,2950,42
11/15 04:04:44,새송이(새송이버섯(일반)),1kg,3250,3
11/15 04:04:35,새송이(새송이버섯(일반)),1kg,3200,6
11/15 04:04:28,새송이(새송이버섯(일반)),1kg,3700,45
11/15 04:01:55,새송이(새송이버섯(일반)),1kg,1800,90
11/15 04:01:28,새송이(새송이버섯(일반)),1kg,500,32
11/15 04:01:24,새송이(새송이버섯(일반)),1kg,1400,24
11/15 04:01:22,새송이(새송이버섯(일반)),1kg,1400,40
11/15 04:01:20,새송이(새송이버섯(일반)),1kg,1400,16
11/15 04:00:38,새송이(새송이버섯(일반)),1kg,2000,18
11/15 04:00:29,새송이(새송이버섯(일반)),1kg,2300,30
11/15 04:00:17,새송이(새송이버섯(일반)),1kg,2400,10
11/15 04:00:07,새송이(새송이버섯(일반)),1kg,2850,20
11/15 04:00:04,새송이(새송이버섯(일반)),1kg,2900,5
11/15 03:59:56,새송이(새송이버섯(일반)),1kg,2900,10
11/15 03:59:36,새송이(새송이버섯(일반)),1kg,2750,3
11/15 03:57:14,새송이(새송이버섯(일반)),1kg,3400,40
11/15 03:57:10,새송이(새송이버섯(일반)),1kg,2800,40
11/15 03:57:04,새송이(새송이버섯(일반)),1kg,2900,60
11/15 03:56:55,새송이(새송이버섯(일반)),1kg,3000,20
11/15 03:55:06,새송이(새송이버섯(일반)),1kg,1200,56
11/15 03:54:58,새송이(새송이버섯(일반)),1kg,1600,48
11/15 03:54:58,새송이(새송이버섯(일반)),1kg,1600,48
11/15 03:54:58,새송이(새송이버섯(일반)),1kg,1600,48
11/15 03:54:49,새송이(새송이버섯(일반)),1kg,1800,87
11/15 03:54:49,새송이(새송이버섯(일반)),1kg,1800,87
11/15 03:54:49,새송이(새송이버섯(일반)),1kg,1800,87
11/15 03:54:44,새송이(새송이버섯(일반)),1kg,3250,18
11/15 03:54:44,새송이(새송이버섯(일반)),1kg,3250,18
11/15 03:54:37,새송이(새송이버섯(일반)),1kg,1800,22
11/15 03:54:29,새송이(새송이버섯(일반)),1kg,1150,52
11/15 03:54:25,새송이(새송이버섯(일반)),1kg,1600,34
11/15 03:54:20,새송이(새송이버섯(일반)),1kg,3350,45
11/15 03:54:15,새송이(새송이버섯(일반)),1kg,3350,45
11/15 03:54:08,새송이(새송이버섯(일반)),1kg,1900,38
11/15 03:54:05,새송이(새송이버섯(일반)),1kg,1600,36
11/15 03:54:01,새송이(새송이버섯(일반)),1kg,1900,42
11/15 03:53:54,새송이(새송이버섯(일반)),1kg,3400,57
11/15 03:53:47,새송이(새송이버섯(일반)),1kg,3500,63
11/15 03:53:46,새송이(새송이버섯(일반)),1kg,4000,12
11/15 03:53:46,새송이(새송이버섯(일반)),1kg,3750,24
11/15 03:53:46,새송이(새송이버섯(일반)),1kg,3750,24
11/15 03:53:46,새송이(새송이버섯(일반)),1kg,3750,36
11/15 03:53:43,새송이(새송이버섯(일반)),1kg,3700,60
11/15 03:53:39,새송이(새송이버섯(일반)),1kg,3900,60
11/15 03:53:34,새송이(새송이버섯(일반)),1kg,3900,60
11/15 03:53:29,새송이(새송이버섯(일반)),1kg,800,27
11/15 03:53:17,새송이(새송이버섯(일반)),1kg,1900,150
11/15 03:53:13,새송이(새송이버섯(일반)),1kg,1600,36
11/15 03:53:07,새송이(새송이버섯(일반)),1kg,1900,34
11/15 03:53:03,새송이(새송이버섯(일반)),1kg,1850,12
11/15 03:52:54,새송이(새송이버섯(일반)),1kg,3350,36
11/15 03:52:52,새송이(새송이버섯(일반)),1kg,3600,57
11/15 03:52:43,새송이(새송이버섯(일반)),1kg,3650,60
11/15 03:52:34,새송이(새송이버섯(일반)),1kg,3750,57
11/15 03:52:32,새송이(새송이버섯(일반)),1kg,3850,57
11/15 03:52:24,새송이(새송이버섯(일반)),1kg,3850,57
11/15 03:52:17,새송이(새송이버섯(일반)),1kg,2600,34
11/15 03:52:13,새송이(새송이버섯(일반)),1kg,3400,30
11/15 03:52:08,새송이(새송이버섯(일반)),1kg,3800,72
11/15 03:51:48,새송이(새송이버섯(일반)),1kg,4000,72
11/15 03:51:41,새송이(새송이버섯(일반)),1kg,4000,72
11/15 03:51:35,새송이(새송이버섯(일반)),1kg,1150,104
11/15 03:51:30,새송이(새송이버섯(일반)),1kg,1700,108
11/15 03:51:21,새송이(새송이버섯(일반)),1kg,1250,15
11/15 03:51:13,새송이(새송이버섯(일반)),1kg,1150,48
11/15 03:51:11,새송이(새송이버섯(일반)),1kg,205,400
11/15 03:51:00,새송이(새송이버섯(일반)),1kg,202,400
11/15 03:50:44,새송이(새송이버섯(일반)),1kg,205,400
11/15 03:50:30,새송이(새송이버섯(일반)),1kg,205,400
11/15 03:50:09,새송이(새송이버섯(일반)),1kg,217,330
11/15 03:50:05,새송이(새송이버섯(일반)),1kg,215,330
11/15 03:50:02,새송이(새송이버섯(일반)),1kg,215,400
11/15 03:49:57,새송이(새송이버섯(일반)),1kg,215,400
11/15 03:49:47,새송이(새송이버섯(일반)),1kg,230,400
11/15 03:49:44,새송이(새송이버섯(일반)),1kg,230,400
11/15 03:49:42,새송이(새송이버섯(일반)),1kg,230,400
11/15 03:49:39,새송이(새송이버섯(일반)),1kg,227,400
11/15 03:49:35,새송이(새송이버섯(일반)),1kg,225,400
11/15 03:49:25,새송이(새송이버섯(일반)),1kg,3250,51
11/15 03:49:09,새송이(새송이버섯(일반)),1kg,3750,75
11/15 03:48:58,새송이(새송이버섯(일반)),1kg,3750,72
11/15 03:45:58,새송이(새송이버섯(일반)),1kg,1500,14
11/15 03:45:54,새송이(새송이버섯(일반)),1kg,1350,64
11/15 03:43:37,새송이(새송이버섯(일반)),1kg,2500,10
11/15 03:43:36,새송이(새송이버섯(일반)),1kg,2750,10
11/15 03:43:35,새송이(새송이버섯(일반)),1kg,2750,10
11/15 03:42:25,새송이(새송이버섯(일반)),1kg,2250,10
11/15 03:42:25,새송이(새송이버섯(일반)),1kg,2250,5
11/15 03:42:25,새송이(새송이버섯(일반)),1kg,2250,15
11/15 03:42:25,새송이(새송이버섯(일반)),1kg,2250,15
11/15 03:42:25,새송이(새송이버섯(일반)),1kg,2250,10
11/15 03:42:25,새송이(새송이버섯(일반)),1kg,2250,4
11/15 03:40:06,새송이(새송이버섯(일반)),1kg,1100,16
11/15 03:40:06,새송이(새송이버섯(일반)),1kg,1100,16
11/15 03:40:06,새송이(새송이버섯(일반)),1kg,1100,16
11/15 03:38:48,새송이(새송이버섯(일반)),1kg,300,50
11/15 03:38:36,새송이(새송이버섯(일반)),1kg,2500,15
11/15 03:38:29,새송이(새송이버섯(일반)),1kg,2500,15
11/15 03:38:10,새송이(새송이버섯(일반)),1kg,1500,1
11/15 03:37:45,새송이(새송이버섯(일반)),1kg,1500,42
11/15 03:37:34,새송이(새송이버섯(일반)),1kg,3100,20
11/15 03:37:07,새송이(새송이버섯(일반)),1kg,3200,20
11/15 03:37:03,새송이(새송이버섯(일반)),1kg,3200,20
11/15 03:36:51,새송이(새송이버섯(일반)),1kg,2650,30
11/15 03:36:45,새송이(새송이버섯(일반)),1kg,3200,20
11/15 03:36:41,새송이(새송이버섯(일반)),1kg,3200,20
11/15 03:36:32,새송이(새송이버섯(일반)),1kg,3250,20
11/15 03:36:29,새송이(새송이버섯(일반)),1kg,3250,20
11/15 03:36:22,새송이(새송이버섯(일반)),1kg,3250,22
11/15 03:35:22,새송이(새송이버섯(일반)),1kg,2750,10
11/15 03:34:42,새송이(새송이버섯(일반)),1kg,1100,16
11/15 03:33:43,새송이(새송이버섯(일반)),1kg,2500,15
11/15 03:33:28,새송이(새송이버섯(일반)),1kg,3000,56
11/15 03:33:24,새송이(새송이버섯(일반)),1kg,2950,56
11/15 03:33:18,새송이(새송이버섯(일반)),1kg,2900,56
11/15 03:33:14,새송이(새송이버섯(일반)),1kg,2900,56
11/15 03:31:56,새송이(새송이버섯(일반)),1kg,3450,12
11/15 03:31:49,새송이(새송이버섯(일반)),1kg,3650,54
11/15 03:31:43,새송이(새송이버섯(일반)),1kg,3650,54
11/15 03:31:38,새송이(새송이버섯(일반)),1kg,3700,54
11/15 03:31:34,새송이(새송이버섯(일반)),1kg,3650,51
11/15 03:31:27,새송이(새송이버섯(일반)),1kg,250,160
11/15 03:31:23,새송이(새송이버섯(일반)),1kg,250,160
11/15 03:31:20,새송이(새송이버섯(일반)),1kg,5325,1
11/15 03:31:15,새송이(새송이버섯(일반)),1kg,257,150
11/15 03:30:43,새송이(새송이버섯(일반)),1kg,2500,20
11/15 03:30:25,새송이(새송이버섯(일반)),1kg,2500,20
11/15 03:30:07,새송이(새송이버섯(일반)),1kg,2500,15
11/15 03:29:10,새송이(새송이버섯(일반)),1kg,2750,20
11/15 03:29:09,새송이(새송이버섯(일반)),1kg,2750,20
11/15 03:29:07,새송이(새송이버섯(일반)),1kg,2750,20
11/15 03:29:05,새송이(새송이버섯(일반)),1kg,2750,20
11/15 03:26:58,새송이(새송이버섯(일반)),1kg,2500,50
11/15 03:26:58,새송이(새송이버섯(일반)),1kg,2000,20
11/15 03:26:58,새송이(새송이버섯(일반)),1kg,2000,40
11/15 03:26:24,새송이(새송이버섯(일반)),1kg,2250,20
11/15 03:26:17,새송이(새송이버섯(일반)),1kg,650,40
11/15 03:26:12,새송이(새송이버섯(일반)),1kg,1000,24
11/15 03:26:06,새송이(새송이버섯(일반)),1kg,2250,40
11/15 03:26:02,새송이(새송이버섯(일반)),1kg,2500,50
11/15 03:25:57,새송이(새송이버섯(일반)),1kg,2750,30
11/15 03:25:48,새송이(새송이버섯(일반)),1kg,2750,50
11/15 03:25:35,새송이(새송이버섯(일반)),1kg,2000,9
11/15 03:25:32,새송이(새송이버섯(일반)),1kg,2000,1
11/15 03:25:26,새송이(새송이버섯(일반)),1kg,2500,30
11/15 03:25:15,새송이(새송이버섯(일반)),1kg,3300,40
11/15 03:25:11,새송이(새송이버섯(일반)),1kg,3500,40
11/15 03:25:10,새송이(새송이버섯(일반)),1kg,3500,40
11/15 03:25:08,새송이(새송이버섯(일반)),1kg,3500,40
11/15 03:24:59,새송이(새송이버섯(일반)),1kg,800,24
11/15 03:23:54,새송이(새송이버섯(일반)),1kg,225,400
11/15 03:23:52,새송이(새송이버섯(일반)),1kg,225,400
11/15 03:23:51,새송이(새송이버섯(일반)),1kg,225,400
11/15 03:23:13,새송이(새송이버섯(일반)),1kg,1300,30
11/15 03:23:13,새송이(새송이버섯(일반)),1kg,3450,50
11/15 03:23:08,새송이(새송이버섯(일반)),1kg,3300,10
11/15 03:23:04,새송이(새송이버섯(일반)),1kg,3300,10
11/15 03:22:57,새송이(새송이버섯(일반)),1kg,3300,10
11/15 03:22:51,새송이(새송이버섯(일반)),1kg,3300,10
11/15 03:22:44,새송이(새송이버섯(일반)),1kg,3300,10
11/15 03:22:37,새송이(새송이버섯(일반)),1kg,3350,10
11/15 03:22:31,새송이(새송이버섯(일반)),1kg,3350,10
11/15 03:22:26,새송이(새송이버섯(일반)),1kg,3350,10
11/15 03:22:15,새송이(새송이버섯(일반)),1kg,1850,6
11/15 03:22:04,새송이(새송이버섯(일반)),1kg,2075,10
11/15 03:22:00,새송이(새송이버섯(일반)),1kg,2075,10
11/15 03:21:54,새송이(새송이버섯(일반)),1kg,2100,10
11/15 03:21:47,새송이(새송이버섯(일반)),1kg,2075,10
11/15 03:21:41,새송이(새송이버섯(일반)),1kg,2075,10
11/15 03:21:34,새송이(새송이버섯(일반)),1kg,2075,10
11/15 03:21:27,새송이(새송이버섯(일반)),1kg,2150,10
11/15 03:21:20,새송이(새송이버섯(일반)),1kg,2125,10
11/15 03:20:05,새송이(새송이버섯(일반)),1kg,3440,10
11/15 03:19:37,새송이(새송이버섯(일반)),1kg,3500,25
11/15 03:19:36,새송이(새송이버섯(일반)),1kg,3500,25
11/15 03:17:49,새송이(새송이버섯(일반)),1kg,4000,24
11/15 03:17:35,새송이(새송이버섯(일반)),1kg,4000,24
11/15 03:15:48,새송이(새송이버섯(일반)),1kg,1150,11
11/15 03:15:46,새송이(새송이버섯(일반)),1kg,3400,25
11/15 03:15:44,새송이(새송이버섯(일반)),1kg,2300,60
11/15 03:15:41,새송이(새송이버섯(일반)),1kg,2000,41
11/15 03:15:33,새송이(새송이버섯(일반)),1kg,3500,25
11/15 03:15:28,새송이(새송이버섯(일반)),1kg,3350,60
11/15 03:15:24,새송이(새송이버섯(일반)),1kg,3400,60
11/15 03:15:22,새송이(새송이버섯(일반)),1kg,3400,60
11/15 03:15:20,새송이(새송이버섯(일반)),1kg,3550,75
11/15 03:15:17,새송이(새송이버섯(일반)),1kg,3500,60
11/15 03:15:13,새송이(새송이버섯(일반)),1kg,3650,60
11/15 03:15:03,새송이(새송이버섯(일반)),1kg,2500,15
11/15 03:14:53,새송이(새송이버섯(일반)),1kg,3700,60
11/15 03:14:53,새송이(새송이버섯(일반)),1kg,2625,15
11/15 03:14:51,새송이(새송이버섯(일반)),1kg,3750,60
11/15 03:14:50,새송이(새송이버섯(일반)),1kg,2625,15
11/15 03:14:42,새송이(새송이버섯(일반)),1kg,2250,92
11/15 03:14:40,새송이(새송이버섯(일반)),1kg,2250,90
11/15 03:14:36,새송이(새송이버섯(일반)),1kg,230,300
11/15 03:14:26,새송이(새송이버섯(일반)),1kg,227,300
11/15 03:14:17,새송이(새송이버섯(일반)),1kg,2750,25
11/15 03:14:11,새송이(새송이버섯(일반)),1kg,650,100
11/15 03:14:08,새송이(새송이버섯(일반)),1kg,3000,25
11/15 03:14:07,새송이(새송이버섯(일반)),1kg,2800,90
11/15 03:14:00,새송이(새송이버섯(일반)),1kg,3250,30
11/15 03:13:56,새송이(새송이버섯(일반)),1kg,3050,90
11/15 03:13:54,새송이(새송이버섯(일반)),1kg,3400,30
11/15 03:13:47,새송이(새송이버섯(일반)),1kg,3000,30
11/15 03:13:41,새송이(새송이버섯(일반)),1kg,750,19
11/15 03:13:38,새송이(새송이버섯(일반)),1kg,1300,30
11/15 03:13:35,새송이(새송이버섯(일반)),1kg,1400,45
11/15 03:13:29,새송이(새송이버섯(일반)),1kg,3150,15
11/15 03:13:24,새송이(새송이버섯(일반)),1kg,3350,30
11/15 03:13:19,새송이(새송이버섯(일반)),1kg,3400,45
11/15 03:13:16,새송이(새송이버섯(일반)),1kg,3500,60
11/15 03:13:14,새송이(새송이버섯(일반)),1kg,3550,60
11/15 03:13:11,새송이(새송이버섯(일반)),1kg,3550,60
11/15 03:13:05,새송이(새송이버섯(일반)),1kg,800,26
11/15 03:12:59,새송이(새송이버섯(일반)),1kg,1500,60
11/15 03:12:56,새송이(새송이버섯(일반)),1kg,1900,11
11/15 03:12:52,새송이(새송이버섯(일반)),1kg,3300,15
11/15 03:12:48,새송이(새송이버섯(일반)),1kg,3400,75
11/15 03:12:45,새송이(새송이버섯(일반)),1kg,3500,60
11/15 03:12:43,새송이(새송이버섯(일반)),1kg,3500,60
11/15 03:12:41,새송이(새송이버섯(일반)),1kg,3500,60
11/15 03:12:35,새송이(새송이버섯(일반)),1kg,3500,40
11/15 03:12:29,새송이(새송이버섯(일반)),1kg,3400,80
11/15 03:12:25,새송이(새송이버섯(일반)),1kg,3550,80
11/15 03:12:18,새송이(새송이버섯(일반)),1kg,3300,60
11/15 03:12:14,새송이(새송이버섯(일반)),1kg,3450,69
11/15 03:12:10,새송이(새송이버섯(일반)),1kg,3550,87
11/15 03:12:05,새송이(새송이버섯(일반)),1kg,1500,80
11/15 03:12:01,새송이(새송이버섯(일반)),1kg,3400,60
11/15 03:11:57,새송이(새송이버섯(일반)),1kg,3600,30
11/15 03:11:55,새송이(새송이버섯(일반)),1kg,3500,60
11/15 03:11:51,새송이(새송이버섯(일반)),1kg,3850,60
11/15 03:11:48,새송이(새송이버섯(일반)),1kg,3750,60
11/15 03:11:40,새송이(새송이버섯(일반)),1kg,232,280
11/15 03:11:38,새송이(새송이버섯(일반)),1kg,232,360
11/15 03:11:35,새송이(새송이버섯(일반)),1kg,232,360
11/15 03:11:30,새송이(새송이버섯(일반)),1kg,1400,23
11/15 03:11:26,새송이(새송이버섯(일반)),1kg,1150,68
11/15 03:11:21,새송이(새송이버섯(일반)),1kg,1500,100
11/15 03:11:17,새송이(새송이버섯(일반)),1kg,227,140
11/15 03:11:13,새송이(새송이버섯(일반)),1kg,230,360
11/15 03:11:11,새송이(새송이버섯(일반)),1kg,230,360
11/15 03:11:10,새송이(새송이버섯(일반)),1kg,227,360
11/15 03:11:08,새송이(새송이버섯(일반)),1kg,227,360
11/15 03:11:07,새송이(새송이버섯(일반)),1kg,227,360
11/15 03:11:06,새송이(새송이버섯(일반)),1kg,227,360
11/15 03:11:01,새송이(새송이버섯(일반)),1kg,232,360
11/15 03:11:00,새송이(새송이버섯(일반)),1kg,232,360
11/15 03:10:59,새송이(새송이버섯(일반)),1kg,230,360
11/15 03:10:56,새송이(새송이버섯(일반)),1kg,227,360
11/15 03:10:51,새송이(새송이버섯(일반)),1kg,1000,8
11/15 03:10:46,새송이(새송이버섯(일반)),1kg,1150,31
11/15 03:10:42,새송이(새송이버섯(일반)),1kg,1600,41
11/15 03:10:38,새송이(새송이버섯(일반)),1kg,1650,5
11/15 03:10:34,새송이(새송이버섯(일반)),1kg,3250,15
11/15 03:10:31,새송이(새송이버섯(일반)),1kg,3400,30
11/15 03:10:27,새송이(새송이버섯(일반)),1kg,3550,45
11/15 03:10:25,새송이(새송이버섯(일반)),1kg,3550,60
11/15 03:10:22,새송이(새송이버섯(일반)),1kg,3500,60
11/15 03:07:39,새송이(새송이버섯(일반)),1kg,1150,4
11/15 03:07:34,새송이(새송이버섯(일반)),1kg,1650,12
11/15 03:07:32,새송이(새송이버섯(일반)),1kg,1650,12
11/15 03:07:28,새송이(새송이버섯(일반)),1kg,1750,18
11/15 03:07:26,새송이(새송이버섯(일반)),1kg,1700,18
11/15 03:07:23,새송이(새송이버섯(일반)),1kg,1650,18
11/15 03:06:47,새송이(새송이버섯(일반)),1kg,1900,10
11/15 03:06:43,새송이(새송이버섯(일반)),1kg,1875,10
11/15 03:06:38,새송이(새송이버섯(일반)),1kg,1900,10
11/15 03:06:35,새송이(새송이버섯(일반)),1kg,1875,10
11/15 03:06:32,새송이(새송이버섯(일반)),1kg,1875,10
11/15 03:06:29,새송이(새송이버섯(일반)),1kg,1875,10
11/15 03:06:26,새송이(새송이버섯(일반)),1kg,1875,10
11/15 03:06:21,새송이(새송이버섯(일반)),1kg,1875,10
11/15 03:04:39,새송이(새송이버섯(일반)),1kg,3350,25
11/15 03:04:36,새송이(새송이버섯(일반)),1kg,3350,25
11/15 03:04:29,새송이(새송이버섯(일반)),1kg,3350,30
11/15 03:04:11,새송이(새송이버섯(일반)),1kg,3400,20
11/15 03:04:08,새송이(새송이버섯(일반)),1kg,3400,20
11/15 03:04:05,새송이(새송이버섯(일반)),1kg,3400,20
11/15 03:04:02,새송이(새송이버섯(일반)),1kg,3400,25
11/15 03:03:59,새송이(새송이버섯(일반)),1kg,3400,25
11/15 03:03:46,새송이(새송이버섯(일반)),1kg,3300,25
11/15 03:03:44,새송이(새송이버섯(일반)),1kg,3300,25
11/15 02:58:40,새송이(새송이버섯(일반)),1kg,2800,16
11/15 02:58:26,새송이(기타),1kg,2262,3
11/15 02:58:26,새송이(새송이버섯(일반)),1kg,4000,30
11/15 02:58:26,새송이(새송이버섯(일반)),1kg,4050,30
11/15 02:58:26,새송이(새송이버섯(일반)),1kg,3150,14
11/15 02:53:40,새송이(새송이버섯(일반)),1kg,245,300
11/15 02:53:38,새송이(새송이버섯(일반)),1kg,245,100
11/15 02:53:31,새송이(새송이버섯(일반)),1kg,3500,60
11/15 02:53:23,새송이(새송이버섯(일반)),1kg,3500,50
11/15 02:52:48,새송이(새송이버섯(일반)),1kg,2800,10
11/15 02:52:36,새송이(새송이버섯(일반)),1kg,2750,10
11/15 02:50:31,새송이(새송이버섯(일반)),1kg,222,10
11/15 02:50:23,새송이(새송이버섯(일반)),1kg,3700,3
11/15 02:47:01,새송이(새송이버섯(일반)),1kg,3650,66
11/15 02:46:15,새송이(새송이버섯(일반)),1kg,900,4
11/15 02:46:09,새송이(새송이버섯(일반)),1kg,900,5
11/15 02:45:57,새송이(새송이버섯(일반)),1kg,937,5
11/15 02:45:53,새송이(새송이버섯(일반)),1kg,937,5
11/15 02:45:49,새송이(새송이버섯(일반)),1kg,937,5
11/15 02:45:06,새송이(새송이버섯(일반)),1kg,1375,6
11/15 02:44:58,새송이(새송이버섯(일반)),1kg,1375,7
11/15 02:44:39,새송이(새송이버섯(일반)),1kg,1375,7
11/15 02:44:35,새송이(새송이버섯(일반)),1kg,2125,10
11/15 02:44:29,새송이(새송이버섯(일반)),1kg,2125,10
11/15 02:44:26,새송이(새송이버섯(일반)),1kg,2150,10
11/15 02:44:22,새송이(새송이버섯(일반)),1kg,2150,11
11/15 02:44:15,새송이(새송이버섯(일반)),1kg,2150,11
11/15 02:43:59,새송이(새송이버섯(일반)),1kg,2375,10
11/15 02:43:54,새송이(새송이버섯(일반)),1kg,2375,10
11/15 02:43:49,새송이(새송이버섯(일반)),1kg,2375,10
11/15 02:43:46,새송이(새송이버섯(일반)),1kg,2375,10
11/15 02:43:34,새송이(새송이버섯(일반)),1kg,2375,10
11/15 02:43:29,새송이(새송이버섯(일반)),1kg,2400,10
11/15 02:43:25,새송이(새송이버섯(일반)),1kg,2400,10
11/15 02:43:23,새송이(새송이버섯(일반)),1kg,2400,10
11/15 02:43:17,새송이(새송이버섯(일반)),1kg,2400,10
11/15 02:43:15,새송이(새송이버섯(일반)),1kg,2400,10
11/15 02:43:12,새송이(새송이버섯(일반)),1kg,2400,10
11/15 02:43:08,새송이(새송이버섯(일반)),1kg,2400,10
11/15 02:42:37,새송이(새송이버섯(일반)),1kg,2750,10
11/15 02:42:28,새송이(새송이버섯(일반)),1kg,2800,10
11/15 02:42:23,새송이(새송이버섯(일반)),1kg,2800,10
11/15 02:42:08,새송이(새송이버섯(일반)),1kg,2800,10
11/15 02:42:01,새송이(새송이버섯(일반)),1kg,2800,10
11/15 02:41:49,새송이(새송이버섯(일반)),1kg,2800,10
11/15 02:41:38,새송이(새송이버섯(일반)),1kg,2800,10
11/15 02:41:26,새송이(새송이버섯(일반)),1kg,3300,10
11/15 02:41:22,새송이(새송이버섯(일반)),1kg,3250,10
11/15 02:41:19,새송이(새송이버섯(일반)),1kg,3250,10
11/15 02:41:15,새송이(새송이버섯(일반)),1kg,3250,10
11/15 02:41:12,새송이(새송이버섯(일반)),1kg,3250,10
11/15 02:41:10,새송이(새송이버섯(일반)),1kg,3250,12
11/15 02:41:04,새송이(새송이버섯(일반)),1kg,3300,12
11/15 02:40:40,새송이(새송이버섯(일반)),1kg,350,20
11/15 02:39:22,새송이(새송이버섯(일반)),1kg,1500,39
11/15 02:39:12,새송이(새송이버섯(일반)),1kg,2000,70
11/15 02:39:06,새송이(새송이버섯(일반)),1kg,3500,15
11/15 02:39:00,새송이(새송이버섯(일반)),1kg,3650,63
11/15 02:38:52,새송이(새송이버섯(일반)),1kg,3800,75
11/15 02:38:48,새송이(새송이버섯(일반)),1kg,3750,72
11/15 02:38:34,새송이(새송이버섯(일반)),1kg,1500,12
11/15 02:38:31,새송이(새송이버섯(일반)),1kg,1300,12
11/15 02:38:27,새송이(새송이버섯(일반)),1kg,220,390
11/15 02:38:16,새송이(새송이버섯(일반)),1kg,220,400
11/15 02:38:12,새송이(새송이버섯(일반)),1kg,800,28
11/15 02:38:05,새송이(새송이버섯(일반)),1kg,2400,9
11/15 02:38:02,새송이(새송이버섯(일반)),1kg,3300,9
11/15 02:37:32,새송이(새송이버섯(일반)),1kg,3600,30
11/15 02:37:31,새송이(새송이버섯(일반)),1kg,3700,36
11/15 02:37:09,새송이(새송이버섯(일반)),1kg,2100,20
11/15 02:37:08,새송이(새송이버섯(일반)),1kg,1650,10
11/15 02:37:06,새송이(새송이버섯(일반)),1kg,2750,15
11/15 02:37:03,새송이(새송이버섯(일반)),1kg,2750,15
11/15 02:37:02,새송이(새송이버섯(일반)),1kg,1650,20
11/15 02:36:58,새송이(새송이버섯(일반)),1kg,2650,60
11/15 02:36:55,새송이(새송이버섯(일반)),1kg,3350,12
11/15 02:36:52,새송이(새송이버섯(일반)),1kg,2800,17
11/15 02:36:47,새송이(새송이버섯(일반)),1kg,2750,17
11/15 02:36:45,새송이(새송이버섯(일반)),1kg,3350,27
11/15 02:36:39,새송이(새송이버섯(일반)),1kg,3500,60
11/15 02:36:27,새송이(새송이버섯(일반)),1kg,3700,66
11/15 02:36:23,새송이(새송이버섯(일반)),1kg,3650,69
11/15 02:36:19,새송이(새송이버섯(일반)),1kg,205,400
11/15 02:36:17,새송이(새송이버섯(일반)),1kg,205,400
11/15 02:36:16,새송이(새송이버섯(일반)),1kg,205,400
11/15 02:36:10,새송이(새송이버섯(일반)),1kg,202,400
11/15 02:36:02,새송이(새송이버섯(일반)),1kg,245,100
11/15 02:35:58,새송이(새송이버섯(일반)),1kg,1900,36
11/15 02:35:55,새송이(새송이버섯(일반)),1kg,2500,57
11/15 02:35:50,새송이(새송이버섯(일반)),1kg,1800,5
11/15 02:35:45,새송이(새송이버섯(일반)),1kg,3400,48
11/15 02:35:43,새송이(새송이버섯(일반)),1kg,3500,33
11/15 02:35:35,새송이(새송이버섯(일반)),1kg,3700,54
11/15 02:35:18,새송이(새송이버섯(일반)),1kg,1750,60
11/15 02:35:08,새송이(새송이버섯(일반)),1kg,2400,30
11/15 02:34:52,새송이(새송이버섯(일반)),1kg,3500,60
11/15 02:34:27,새송이(새송이버섯(일반)),1kg,3500,50
11/15 02:26:17,새송이(새송이버섯(일반)),1kg,245,260
11/15 02:26:08,새송이(새송이버섯(일반)),1kg,245,240
11/15 02:25:58,새송이(새송이버섯(일반)),1kg,3250,6
11/15 02:25:53,새송이(새송이버섯(일반)),1kg,3400,33
11/15 02:25:48,새송이(새송이버섯(일반)),1kg,3700,51
11/15 02:25:43,새송이(새송이버섯(일반)),1kg,3600,60
11/15 02:11:18,새송이(새송이버섯(일반)),1kg,1900,20
11/15 01:50:23,새송이(새송이버섯(일반)),1kg,3250,10
11/15 01:50:23,새송이(새송이버섯(일반)),1kg,2500,1
11/15 01:50:23,새송이(새송이버섯(일반)),1kg,2250,8
11/15 01:50:23,새송이(새송이버섯(일반)),1kg,5500,1
11/15 01:49:58,새송이(새송이버섯(일반)),1kg,3250,8
11/15 01:49:58,새송이(새송이버섯(일반)),1kg,2250,5
11/15 01:49:58,새송이(새송이버섯(일반)),1kg,5000,1
11/15 01:49:58,새송이(새송이버섯(일반)),1kg,2000,4
11/15 01:49:57,새송이(새송이버섯(일반)),1kg,3000,3
11/15 01:42:17,새송이(새송이버섯(일반)),1kg,2900,100
11/15 01:41:34,새송이(새송이버섯(일반)),1kg,9650,1
11/15 01:40:34,새송이(새송이버섯(일반)),1kg,3150,20
11/15 01:40:27,새송이(새송이버섯(일반)),1kg,1575,30
11/15 01:40:20,새송이(새송이버섯(일반)),1kg,1900,46
11/15 01:40:12,새송이(새송이버섯(일반)),1kg,2575,30
11/15 01:40:05,새송이(새송이버섯(일반)),1kg,2375,40
11/15 01:40:00,새송이(새송이버섯(일반)),1kg,2375,40
11/15 01:39:57,새송이(새송이버섯(일반)),1kg,2325,40
11/15 01:39:53,새송이(새송이버섯(일반)),1kg,2275,40
11/15 01:39:44,새송이(새송이버섯(일반)),1kg,1500,90
11/15 01:39:38,새송이(새송이버섯(일반)),1kg,2500,165
11/15 01:39:32,새송이(새송이버섯(일반)),1kg,2600,165
11/15 01:39:26,새송이(새송이버섯(일반)),1kg,2850,96
11/15 01:39:21,새송이(새송이버섯(일반)),1kg,2900,96
11/15 01:39:14,새송이(새송이버섯(일반)),1kg,2150,92
11/15 01:39:08,새송이(새송이버섯(일반)),1kg,1500,72
11/15 01:39:01,새송이(새송이버섯(일반)),1kg,3150,27
11/15 01:38:52,새송이(새송이버섯(일반)),1kg,2850,90
11/15 01:38:48,새송이(새송이버섯(일반)),1kg,2900,90
11/15 01:38:41,새송이(새송이버섯(일반)),1kg,1100,100
11/15 01:38:36,새송이(새송이버섯(일반)),1kg,2600,103
11/15 01:38:29,새송이(새송이버섯(일반)),1kg,1350,15
11/15 01:38:23,새송이(새송이버섯(일반)),1kg,2800,72
11/15 01:38:16,새송이(새송이버섯(일반)),1kg,2950,120
11/15 01:38:11,새송이(새송이버섯(일반)),1kg,2950,126
11/15 01:38:07,새송이(새송이버섯(일반)),1kg,2900,126
11/15 01:38:03,새송이(새송이버섯(일반)),1kg,2900,126
11/15 01:37:59,새송이(새송이버섯(일반)),1kg,2950,126
11/15 01:22:04,새송이(새송이버섯(일반)),1kg,1150,14
11/15 01:21:54,새송이(새송이버섯(일반)),1kg,1800,30
11/15 01:21:54,새송이(새송이버섯(일반)),1kg,1800,30
11/15 01:21:43,새송이(새송이버섯(일반)),1kg,1500,40
11/15 01:21:43,새송이(새송이버섯(일반)),1kg,1600,40
11/15 01:21:33,새송이(새송이버섯(일반)),1kg,1250,8
11/15 01:21:33,새송이(새송이버섯(일반)),1kg,1400,40
11/15 01:21:23,새송이(새송이버섯(일반)),1kg,1500,32
11/15 01:21:03,새송이(새송이버섯(일반)),1kg,2150,3
11/15 01:20:52,새송이(새송이버섯(일반)),1kg,3000,90
11/15 01:20:42,새송이(새송이버섯(일반)),1kg,3300,108
11/15 01:20:42,새송이(새송이버섯(일반)),1kg,2900,90
11/15 01:20:32,새송이(새송이버섯(일반)),1kg,3350,108
11/15 01:20:22,새송이(새송이버섯(일반)),1kg,3300,111
11/15 01:20:22,새송이(새송이버섯(일반)),1kg,3250,111
11/15 01:19:51,새송이(새송이버섯(일반)),1kg,2050,40
11/15 01:19:51,새송이(새송이버섯(일반)),1kg,2050,40
11/15 01:19:41,새송이(새송이버섯(일반)),1kg,2050,40
11/15 01:19:31,새송이(새송이버섯(일반)),1kg,2050,40
11/15 01:19:21,새송이(새송이버섯(일반)),1kg,1200,13
11/15 01:06:01,새송이(새송이버섯(일반)),1kg,2252,20
11/14 12:54:19,새송이(새송이버섯(일반)),1kg,2125,3
11/14 12:54:19,새송이(새송이버섯(일반)),1kg,2125,3
11/14 12:54:19,새송이(새송이버섯(일반)),1kg,2125,5
11/14 12:54:19,새송이(새송이버섯(일반)),1kg,2125,5
11/14 12:53:59,새송이(새송이버섯(일반)),1kg,3000,5
11/14 12:53:59,새송이(새송이버섯(일반)),1kg,3000,20
11/14 12:53:58,새송이(새송이버섯(일반)),1kg,3500,7
11/14 12:53:58,새송이(새송이버섯(일반)),1kg,4000,10
11/14 12:53:58,새송이(새송이버섯(일반)),1kg,4000,8
11/14 12:53:57,새송이(새송이버섯(일반)),1kg,4000,20
11/14 12:52:55,새송이(새송이버섯(일반)),1kg,4220,10
11/14 12:50:22,새송이(새송이버섯(일반)),1kg,2000,5
11/14 12:50:22,새송이(새송이버섯(일반)),1kg,2000,10
11/14 12:50:21,새송이(새송이버섯(일반)),1kg,2000,15
11/14 12:50:21,새송이(새송이버섯(일반)),1kg,2000,50
11/14 12:49:28,새송이(새송이버섯(일반)),1kg,1875,30
11/14 12:49:28,새송이(새송이버섯(일반)),1kg,1875,20
11/14 12:49:27,새송이(새송이버섯(일반)),1kg,1875,30
11/14 12:49:27,새송이(새송이버섯(일반)),1kg,1875,10
11/14 12:49:26,새송이(새송이버섯(일반)),1kg,1875,10
11/14 12:49:26,새송이(새송이버섯(일반)),1kg,1875,70
11/14 12:44:38,새송이(새송이버섯(일반)),1kg,2125,10
11/14 12:44:38,새송이(새송이버섯(일반)),1kg,2125,50
11/14 12:44:38,새송이(새송이버섯(일반)),1kg,2125,20
11/14 12:44:38,새송이(새송이버섯(일반)),1kg,2125,30
11/14 12:44:38,새송이(새송이버섯(일반)),1kg,2000,50
11/14 12:44:38,새송이(새송이버섯(일반)),1kg,2125,20
11/14 12:44:38,새송이(새송이버섯(일반)),1kg,2125,10
11/14 12:44:38,새송이(새송이버섯(일반)),1kg,2125,30
11/14 12:36:48,새송이(새송이버섯(일반)),1kg,1100,10
11/14 12:36:33,새송이(새송이버섯(일반)),1kg,1100,15
11/14 12:33:33,새송이(새송이버섯(일반)),1kg,2500,4
11/14 12:33:23,새송이(새송이버섯(일반)),1kg,3350,12
11/14 12:32:53,새송이(새송이버섯(일반)),1kg,200,100
11/14 12:23:05,새송이(새송이버섯(일반)),1kg,1350,6
11/14 12:23:01,새송이(새송이버섯(일반)),1kg,3100,60
11/14 12:20:14,새송이(새송이버섯(일반)),1kg,2250,11
11/14 12:20:11,새송이(새송이버섯(일반)),1kg,2200,12
11/14 12:20:08,새송이(새송이버섯(일반)),1kg,2125,12
11/14 12:20:04,새송이(새송이버섯(일반)),1kg,1300,40
11/14 12:19:59,새송이(새송이버섯(일반)),1kg,2600,50
11/14 12:19:54,새송이(새송이버섯(일반)),1kg,2950,45
11/14 12:19:48,새송이(새송이버섯(일반)),1kg,3050,60
11/14 12:19:41,새송이(새송이버섯(일반)),1kg,3100,60
11/14 12:19:36,새송이(새송이버섯(일반)),1kg,1350,44
11/14 12:18:27,새송이(새송이버섯(일반)),1kg,2300,60
11/14 12:18:18,새송이(새송이버섯(일반)),1kg,3400,60
11/14 12:18:16,새송이(새송이버섯(일반)),1kg,3350,60
11/14 12:18:08,새송이(새송이버섯(일반)),1kg,2550,30
11/14 12:18:05,새송이(새송이버섯(일반)),1kg,2550,30
11/14 12:18:02,새송이(새송이버섯(일반)),1kg,2525,30
11/14 12:18:00,새송이(새송이버섯(일반)),1kg,2500,30
11/14 12:17:59,새송이(새송이버섯(일반)),1kg,2500,30
11/14 12:17:57,새송이(새송이버섯(일반)),1kg,2500,30
11/14 12:17:54,새송이(새송이버섯(일반)),1kg,2500,30
11/14 12:17:49,새송이(새송이버섯(일반)),1kg,1250,80
11/14 12:17:47,새송이(새송이버섯(일반)),1kg,1250,80
11/14 12:17:44,새송이(새송이버섯(일반)),1kg,1250,80
11/14 12:17:42,새송이(새송이버섯(일반)),1kg,1250,80
11/14 12:17:40,새송이(새송이버섯(일반)),1kg,1250,80
11/14 12:16:03,새송이(새송이버섯(일반)),1kg,3300,12
11/14 12:15:55,새송이(새송이버섯(일반)),1kg,3500,20
11/14 12:15:46,새송이(새송이버섯(일반)),1kg,3700,10
11/14 12:15:43,새송이(새송이버섯(일반)),1kg,3700,10
11/14 12:15:38,새송이(새송이버섯(일반)),1kg,3650,10
11/14 12:14:01,새송이(새송이버섯(일반)),1kg,2700,32
11/14 12:13:57,새송이(새송이버섯(일반)),1kg,2800,44
11/14 12:13:51,새송이(새송이버섯(일반)),1kg,3150,56
11/14 12:13:49,새송이(새송이버섯(일반)),1kg,3150,56
11/14 12:13:47,새송이(새송이버섯(일반)),1kg,3150,56
11/14 12:13:44,새송이(새송이버섯(일반)),1kg,3100,57
11/14 12:13:38,새송이(새송이버섯(일반)),1kg,2200,9
11/14 12:13:33,새송이(새송이버섯(일반)),1kg,2600,2
11/14 12:13:29,새송이(새송이버섯(일반)),1kg,2700,11
11/14 12:13:23,새송이(새송이버섯(일반)),1kg,2850,40
11/14 12:13:17,새송이(새송이버섯(일반)),1kg,3200,60
11/14 12:13:15,새송이(새송이버섯(일반)),1kg,3200,60
11/14 12:13:13,새송이(새송이버섯(일반)),1kg,3200,60
11/14 12:13:11,새송이(새송이버섯(일반)),1kg,3200,60
11/14 12:13:09,새송이(새송이버섯(일반)),1kg,3200,60
11/14 12:13:06,새송이(새송이버섯(일반)),1kg,3200,60
11/14 12:13:01,새송이(새송이버섯(일반)),1kg,2350,24
11/14 12:12:55,새송이(새송이버섯(일반)),1kg,2900,60
11/14 12:12:50,새송이(새송이버섯(일반)),1kg,3300,60
11/14 12:12:47,새송이(새송이버섯(일반)),1kg,3350,60
11/14 12:12:45,새송이(새송이버섯(일반)),1kg,3300,60
11/14 12:12:43,새송이(새송이버섯(일반)),1kg,3300,60
11/14 12:12:41,새송이(새송이버섯(일반)),1kg,3300,60
11/14 12:12:38,새송이(새송이버섯(일반)),1kg,850,80
11/14 12:11:59,새송이(새송이버섯(일반)),1kg,2650,12
11/14 12:11:56,새송이(새송이버섯(일반)),1kg,2650,12
11/14 12:11:52,새송이(새송이버섯(일반)),1kg,2700,13
11/14 12:11:49,새송이(새송이버섯(일반)),1kg,2675,13
11/14 12:11:44,새송이(새송이버섯(일반)),1kg,1400,24
11/14 12:11:36,새송이(새송이버섯(일반)),1kg,2800,42
11/14 12:11:24,새송이(새송이버섯(일반)),1kg,3600,72
11/14 12:11:21,새송이(새송이버섯(일반)),1kg,3650,72
11/14 12:11:15,새송이(새송이버섯(일반)),1kg,3550,72
11/14 12:11:09,새송이(새송이버섯(일반)),1kg,1800,1
11/14 12:11:02,새송이(새송이버섯(일반)),1kg,1700,16
11/14 12:10:55,새송이(새송이버섯(일반)),1kg,2100,60
11/14 12:10:51,새송이(새송이버섯(일반)),1kg,1700,72
11/14 12:10:50,새송이(새송이버섯(일반)),1kg,3150,36
11/14 12:10:46,새송이(새송이버섯(일반)),1kg,1700,76
11/14 12:10:44,새송이(새송이버섯(일반)),1kg,3650,78
11/14 12:10:42,새송이(새송이버섯(일반)),1kg,1650,76
11/14 12:10:38,새송이(새송이버섯(일반)),1kg,3600,81
11/14 12:10:31,새송이(새송이버섯(일반)),1kg,3550,81
11/14 12:02:02,새송이(새송이버섯(일반)),1kg,2000,10
11/14 12:02:02,새송이(새송이버섯(일반)),1kg,2125,10
11/14 12:02:02,새송이(새송이버섯(일반)),1kg,2125,20
11/14 12:02:02,새송이(새송이버섯(일반)),1kg,2125,10
11/14 12:02:02,새송이(새송이버섯(일반)),1kg,2000,3
11/14 12:02:02,새송이(새송이버섯(일반)),1kg,2125,20
11/14 12:02:02,새송이(새송이버섯(일반)),1kg,2125,25
11/14 12:02:02,새송이(새송이버섯(일반)),1kg,2125,10
11/14 12:02:02,새송이(새송이버섯(일반)),1kg,2125,5
11/14 12:02:01,새송이(새송이버섯(일반)),1kg,2125,10
11/14 12:02:01,새송이(새송이버섯(일반)),1kg,2125,20
11/14 12:02:01,새송이(새송이버섯(일반)),1kg,2125,15
11/14 12:02:01,새송이(새송이버섯(일반)),1kg,2125,10
11/14 12:02:01,새송이(새송이버섯(일반)),1kg,2125,20
11/14 12:02:01,새송이(새송이버섯(일반)),1kg,2125,15
11/14 12:02:01,새송이(새송이버섯(일반)),1kg,2125,30
11/14 12:02:01,새송이(새송이버섯(일반)),1kg,2125,40
11/14 12:02:01,새송이(새송이버섯(일반)),1kg,2125,5
11/14 12:02:01,새송이(새송이버섯(일반)),1kg,2125,20
11/14 12:02:01,새송이(새송이버섯(일반)),1kg,2125,55
11/14 12:02:01,새송이(새송이버섯(일반)),1kg,2125,5
11/14 12:01:08,새송이(새송이버섯(일반)),1kg,2100,80
11/14 12:00:48,새송이(새송이버섯(일반)),1kg,3550,96
11/14 12:00:40,새송이(새송이버섯(일반)),1kg,3550,96
11/14 12:00:32,새송이(새송이버섯(일반)),1kg,3900,50
11/14 12:00:25,새송이(새송이버섯(일반)),1kg,3800,50
11/14 12:00:18,새송이(새송이버섯(일반)),1kg,3750,50
11/14 12:00:09,새송이(새송이버섯(일반)),1kg,207,360
11/14 12:00:03,새송이(새송이버섯(일반)),1kg,205,360
11/14 11:55:53,새송이(새송이버섯(일반)),1kg,2750,30
11/14 11:55:08,새송이(새송이버섯(일반)),1kg,2125,5
11/14 11:55:08,새송이(새송이버섯(일반)),1kg,2125,50
11/14 11:55:08,새송이(새송이버섯(일반)),1kg,2125,20
11/14 11:55:08,새송이(새송이버섯(일반)),1kg,2125,10
11/14 11:55:08,새송이(새송이버섯(일반)),1kg,2125,10
11/14 11:55:08,새송이(새송이버섯(일반)),1kg,2125,20
11/14 11:55:08,새송이(새송이버섯(일반)),1kg,2125,15
11/14 11:55:08,새송이(새송이버섯(일반)),1kg,2125,20
11/14 11:55:08,새송이(새송이버섯(일반)),1kg,2125,38
11/14 11:55:08,새송이(새송이버섯(일반)),1kg,2125,30
11/14 11:55:08,새송이(새송이버섯(일반)),1kg,2125,10
11/14 11:55:08,새송이(새송이버섯(일반)),1kg,2125,30
11/14 11:55:08,새송이(새송이버섯(일반)),1kg,2000,5
11/14 11:55:08,새송이(새송이버섯(일반)),1kg,2125,5
11/14 11:55:08,새송이(새송이버섯(일반)),1kg,2125,20
11/14 11:55:08,새송이(새송이버섯(일반)),1kg,2125,5
11/14 11:55:08,새송이(새송이버섯(일반)),1kg,2125,20
11/14 11:55:08,새송이(새송이버섯(일반)),1kg,2125,2
11/14 11:50:57,새송이(새송이버섯(일반)),1kg,2125,15
11/14 11:50:57,새송이(새송이버섯(일반)),1kg,2125,5
11/14 11:50:57,새송이(새송이버섯(일반)),1kg,2125,10
11/14 11:50:57,새송이(새송이버섯(일반)),1kg,2125,5
11/14 11:50:57,새송이(새송이버섯(일반)),1kg,2125,20
11/14 11:50:57,새송이(새송이버섯(일반)),1kg,2125,40
11/14 11:50:57,새송이(새송이버섯(일반)),1kg,2125,5
11/14 11:50:57,새송이(새송이버섯(일반)),1kg,2125,30
11/14 11:50:57,새송이(새송이버섯(일반)),1kg,2125,15
11/14 11:50:57,새송이(새송이버섯(일반)),1kg,2125,5
11/14 11:50:57,새송이(새송이버섯(일반)),1kg,2125,10
11/14 11:50:57,새송이(새송이버섯(일반)),1kg,2125,55
11/14 11:50:57,새송이(새송이버섯(일반)),1kg,2000,2
11/14 11:50:57,새송이(새송이버섯(일반)),1kg,2000,3
11/14 11:50:57,새송이(새송이버섯(일반)),1kg,2000,2
11/14 11:50:57,새송이(새송이버섯(일반)),1kg,2000,2
11/14 11:50:57,새송이(새송이버섯(일반)),1kg,2125,5
11/14 11:44:47,새송이(새송이버섯(일반)),1kg,900,30
11/14 11:44:33,새송이(새송이버섯(일반)),1kg,2700,30
11/14 11:44:28,새송이(새송이버섯(일반)),1kg,1150,7
11/14 11:44:23,새송이(새송이버섯(일반)),1kg,2800,40
11/14 11:44:13,새송이(새송이버섯(일반)),1kg,3100,10
11/14 11:44:07,새송이(새송이버섯(일반)),1kg,3033,10
11/14 11:44:04,새송이(새송이버섯(일반)),1kg,3000,10
11/14 11:42:36,새송이(새송이버섯(일반)),1kg,1000,9
11/14 11:42:17,새송이(새송이버섯(일반)),1kg,700,49
11/14 11:42:15,새송이(새송이버섯(일반)),1kg,700,50
11/14 11:42:08,새송이(새송이버섯(일반)),1kg,1100,10
11/14 11:42:03,새송이(새송이버섯(일반)),1kg,1600,10
11/14 11:41:56,새송이(새송이버섯(일반)),1kg,2550,29
11/14 11:41:49,새송이(새송이버섯(일반)),1kg,3100,40
11/14 11:41:42,새송이(새송이버섯(일반)),1kg,3150,40
11/14 11:41:38,새송이(새송이버섯(일반)),1kg,3200,40
11/14 11:41:34,새송이(새송이버섯(일반)),1kg,3200,40
11/14 11:41:30,새송이(새송이버섯(일반)),1kg,3150,40
11/14 11:36:58,새송이(새송이버섯(일반)),1kg,1250,54
11/14 11:36:53,새송이(새송이버섯(일반)),1kg,1350,60
11/14 11:36:44,새송이(새송이버섯(일반)),1kg,3150,60
11/14 11:36:35,새송이(새송이버섯(일반)),1kg,3300,40
11/14 11:34:01,새송이(기타),1kg,2375,5
11/14 11:34:01,새송이(기타),1kg,2375,5
11/14 11:34:01,새송이(기타),1kg,2375,5
11/14 11:34:01,새송이(기타),1kg,2375,5
11/14 11:34:01,새송이(기타),1kg,2375,5
11/14 11:34:01,새송이(기타),1kg,2375,2
11/14 11:34:01,새송이(기타),1kg,2375,10
11/14 11:34:01,새송이(기타),1kg,2375,10
11/14 11:34:01,새송이(기타),1kg,2375,5
11/14 11:33:33,새송이(새송이버섯(일반)),1kg,1500,20
11/14 11:33:27,새송이(새송이버섯(일반)),1kg,2050,68
11/14 11:33:24,새송이(새송이버섯(일반)),1kg,2000,68
11/14 11:33:16,새송이(새송이버섯(일반)),1kg,2200,60
11/14 11:33:07,새송이(새송이버섯(일반)),1kg,2300,60
11/14 11:32:57,새송이(새송이버섯(일반)),1kg,4500,32
11/14 11:32:54,새송이(새송이버섯(일반)),1kg,4500,32
11/14 11:32:47,새송이(새송이버섯(일반)),1kg,3750,40
11/14 11:32:44,새송이(새송이버섯(일반)),1kg,3750,40
11/14 11:32:42,새송이(새송이버섯(일반)),1kg,3750,40
11/14 11:25:59,새송이(새송이버섯(일반)),1kg,4000,30
11/14 11:09:43,새송이(새송이버섯(일반)),1kg,650,41
11/14 11:09:38,새송이(새송이버섯(일반)),1kg,650,41
11/14 11:09:24,새송이(새송이버섯(일반)),1kg,1500,51
11/14 11:09:21,새송이(새송이버섯(일반)),1kg,1450,52
11/14 11:09:04,새송이(새송이버섯(일반)),1kg,1750,2
11/14 11:08:57,새송이(새송이버섯(일반)),1kg,1900,9
11/14 11:08:49,새송이(새송이버섯(일반)),1kg,2300,41
11/14 11:08:46,새송이(새송이버섯(일반)),1kg,2300,42
11/14 11:08:29,새송이(새송이버섯(일반)),1kg,3100,50
11/14 11:08:23,새송이(새송이버섯(일반)),1kg,3300,50
11/14 11:08:20,새송이(새송이버섯(일반)),1kg,3300,50
11/14 11:06:37,새송이(새송이버섯(일반)),1kg,3100,30
11/14 11:06:26,새송이(새송이버섯(일반)),1kg,1900,30
11/14 11:03:08,새송이(새송이버섯(일반)),1kg,850,48
11/14 10:58:51,새송이(새송이버섯(일반)),1kg,3500,48
11/14 10:58:47,새송이(새송이버섯(일반)),1kg,3500,48
11/14 10:58:40,새송이(새송이버섯(일반)),1kg,3750,36
11/14 10:58:35,새송이(새송이버섯(일반)),1kg,3750,36
11/14 10:58:30,새송이(새송이버섯(일반)),1kg,3750,50
11/14 10:58:24,새송이(새송이버섯(일반)),1kg,4000,30
11/14 10:54:13,새송이(새송이버섯(일반)),1kg,1750,100
11/14 10:54:09,새송이(새송이버섯(일반)),1kg,1875,40
11/14 10:54:08,새송이(새송이버섯(일반)),1kg,1875,80
11/14 10:54:07,새송이(새송이버섯(일반)),1kg,1875,80
11/14 10:54:04,새송이(새송이버섯(일반)),1kg,1875,80
11/14 10:54:03,새송이(새송이버섯(일반)),1kg,1875,80
11/14 10:53:59,새송이(새송이버섯(일반)),1kg,2000,90
11/14 10:53:56,새송이(새송이버섯(일반)),1kg,1875,72
11/14 10:53:55,새송이(새송이버섯(일반)),1kg,1875,77
11/14 10:53:54,새송이(새송이버섯(일반)),1kg,1875,81
11/14 10:53:51,새송이(새송이버섯(일반)),1kg,1875,80
11/14 10:53:48,새송이(새송이버섯(일반)),1kg,2000,80
11/14 10:53:46,새송이(새송이버섯(일반)),1kg,2000,80
11/14 10:53:43,새송이(새송이버섯(일반)),1kg,2000,72
11/14 10:53:41,새송이(새송이버섯(일반)),1kg,1875,80
11/14 10:53:37,새송이(새송이버섯(일반)),1kg,2000,80
11/14 10:53:36,새송이(새송이버섯(일반)),1kg,2000,80
11/14 10:53:35,새송이(새송이버섯(일반)),1kg,2000,80
11/14 10:53:33,새송이(새송이버섯(일반)),1kg,2000,80
11/14 10:53:09,새송이(새송이버섯(일반)),1kg,1150,42
11/14 10:53:05,새송이(새송이버섯(일반)),1kg,1100,50
11/14 10:53:03,새송이(새송이버섯(일반)),1kg,1050,50
11/14 10:52:59,새송이(새송이버섯(일반)),1kg,1150,19
11/14 10:52:54,새송이(새송이버섯(일반)),1kg,1150,20
11/14 10:52:50,새송이(새송이버섯(일반)),1kg,1150,8
11/14 10:52:46,새송이(새송이버섯(일반)),1kg,650,5
11/14 10:52:38,새송이(새송이버섯(일반)),1kg,1750,14
11/14 10:52:34,새송이(새송이버섯(일반)),1kg,900,1
11/14 10:52:28,새송이(새송이버섯(일반)),1kg,1300,32
11/14 10:52:22,새송이(새송이버섯(일반)),1kg,100,90
11/14 10:52:14,새송이(새송이버섯(일반)),1kg,850,32
11/14 10:52:11,새송이(새송이버섯(일반)),1kg,900,32
11/14 10:52:04,새송이(새송이버섯(일반)),1kg,1100,35
11/14 10:51:59,새송이(새송이버섯(일반)),1kg,1750,8
11/14 10:51:52,새송이(새송이버섯(일반)),1kg,1400,35
11/14 10:51:48,새송이(새송이버섯(일반)),1kg,1500,16
11/14 10:51:44,새송이(새송이버섯(일반)),1kg,1500,16
11/14 10:51:39,새송이(새송이버섯(일반)),1kg,250,6
11/14 10:51:30,새송이(새송이버섯(일반)),1kg,1050,20
11/14 10:51:26,새송이(새송이버섯(일반)),1kg,550,31
11/14 10:51:03,새송이(새송이버섯(일반)),1kg,1250,32
11/14 10:50:57,새송이(새송이버섯(일반)),1kg,1300,38
11/14 10:50:52,새송이(새송이버섯(일반)),1kg,1250,40
11/14 10:50:47,새송이(새송이버섯(일반)),1kg,1050,3
11/14 10:50:41,새송이(새송이버섯(일반)),1kg,1300,13
11/14 10:50:29,새송이(새송이버섯(일반)),1kg,1000,19
11/14 10:49:36,새송이(새송이버섯(일반)),1kg,2500,80
11/14 10:49:34,새송이(새송이버섯(일반)),1kg,2500,80
11/14 10:49:32,새송이(새송이버섯(일반)),1kg,2500,80
11/14 10:49:30,새송이(새송이버섯(일반)),1kg,2500,80
11/14 10:49:27,새송이(새송이버섯(일반)),1kg,1750,80
11/14 10:49:25,새송이(새송이버섯(일반)),1kg,1750,80
11/14 10:49:21,새송이(새송이버섯(일반)),1kg,1750,80
11/14 10:49:19,새송이(새송이버섯(일반)),1kg,1750,80
11/14 10:49:12,새송이(새송이버섯(일반)),1kg,2500,80
11/14 10:49:10,새송이(새송이버섯(일반)),1kg,2500,80
11/14 10:48:44,새송이(새송이버섯(일반)),1kg,2500,80
11/14 10:48:41,새송이(새송이버섯(일반)),1kg,2500,80
11/14 10:48:36,새송이(새송이버섯(일반)),1kg,3000,50
11/14 10:48:34,새송이(새송이버섯(일반)),1kg,3000,50
11/14 10:48:30,새송이(새송이버섯(일반)),1kg,2250,55
11/14 10:48:25,새송이(새송이버섯(일반)),1kg,2250,64
11/14 10:48:23,새송이(새송이버섯(일반)),1kg,2250,64
11/14 10:48:21,새송이(새송이버섯(일반)),1kg,2250,64
11/14 10:48:15,새송이(새송이버섯(일반)),1kg,2000,5
11/14 10:48:10,새송이(새송이버섯(일반)),1kg,2250,80
11/14 10:48:09,새송이(새송이버섯(일반)),1kg,2250,80
11/14 10:48:05,새송이(새송이버섯(일반)),1kg,2500,80
11/14 10:48:03,새송이(새송이버섯(일반)),1kg,2500,80
11/14 10:48:00,새송이(새송이버섯(일반)),1kg,1500,5
11/14 10:47:55,새송이(새송이버섯(일반)),1kg,2250,20
11/14 10:47:51,새송이(새송이버섯(일반)),1kg,2500,33
11/14 10:47:48,새송이(새송이버섯(일반)),1kg,2750,66
11/14 10:47:46,새송이(새송이버섯(일반)),1kg,2750,67
11/14 10:47:41,새송이(새송이버섯(일반)),1kg,1750,6
11/14 10:47:38,새송이(새송이버섯(일반)),1kg,4000,4
11/14 10:47:34,새송이(새송이버섯(일반)),1kg,2250,60
11/14 10:47:32,새송이(새송이버섯(일반)),1kg,2250,70
11/14 10:47:30,새송이(새송이버섯(일반)),1kg,2250,70
11/14 10:47:29,새송이(새송이버섯(일반)),1kg,2250,77
11/14 10:47:27,새송이(새송이버섯(일반)),1kg,2250,77
11/14 10:47:23,새송이(새송이버섯(일반)),1kg,1500,44
11/14 10:47:18,새송이(새송이버섯(일반)),1kg,2250,48
11/14 10:47:16,새송이(새송이버섯(일반)),1kg,2250,50
11/14 10:47:12,새송이(새송이버섯(일반)),1kg,2250,30
11/14 10:47:07,새송이(새송이버섯(일반)),1kg,2750,75
11/14 10:47:06,새송이(새송이버섯(일반)),1kg,2750,75
11/14 10:47:04,새송이(새송이버섯(일반)),1kg,2750,85
11/14 10:47:01,새송이(새송이버섯(일반)),1kg,2750,85
11/14 10:46:58,새송이(새송이버섯(일반)),1kg,2250,88
11/14 10:46:55,새송이(새송이버섯(일반)),1kg,2250,88
11/14 10:46:51,새송이(새송이버섯(일반)),1kg,2750,64
11/14 10:46:49,새송이(새송이버섯(일반)),1kg,2750,64
11/14 10:46:47,새송이(새송이버섯(일반)),1kg,2750,64
11/14 10:46:44,새송이(새송이버섯(일반)),1kg,2250,8
11/14 10:46:40,새송이(새송이버섯(일반)),1kg,2750,75
11/14 10:46:38,새송이(새송이버섯(일반)),1kg,2750,75
11/14 10:46:25,새송이(새송이버섯(일반)),1kg,3000,2
11/14 10:46:22,새송이(새송이버섯(일반)),1kg,3400,16
11/14 10:46:18,새송이(새송이버섯(일반)),1kg,3400,17
11/14 10:46:14,새송이(새송이버섯(일반)),1kg,3800,11
11/14 10:46:10,새송이(새송이버섯(일반)),1kg,3600,18
11/14 10:46:07,새송이(새송이버섯(일반)),1kg,3600,18
11/14 10:46:04,새송이(새송이버섯(일반)),1kg,3600,18
11/14 10:44:51,새송이(새송이버섯(일반)),1kg,2500,15
11/14 10:44:51,새송이(새송이버섯(일반)),1kg,2750,15
11/14 10:42:39,새송이(새송이버섯(일반)),1kg,3250,60
11/14 10:42:39,새송이(새송이버섯(일반)),1kg,3250,30
11/14 10:41:28,새송이(새송이버섯(일반)),1kg,1750,80
11/14 10:31:00,새송이(새송이버섯(일반)),1kg,2250,20
11/14 10:30:57,새송이(새송이버섯(일반)),1kg,2250,20
11/14 10:30:53,새송이(새송이버섯(일반)),1kg,2750,30
11/14 10:30:51,새송이(새송이버섯(일반)),1kg,2750,30
11/14 10:30:47,새송이(새송이버섯(일반)),1kg,1750,12
11/14 10:30:42,새송이(새송이버섯(일반)),1kg,2250,25
11/14 10:30:40,새송이(새송이버섯(일반)),1kg,2500,30
11/14 10:30:37,새송이(새송이버섯(일반)),1kg,2500,30
11/14 10:30:34,새송이(새송이버섯(일반)),1kg,2500,30
11/14 10:30:28,새송이(새송이버섯(일반)),1kg,2750,30
11/14 10:30:24,새송이(새송이버섯(일반)),1kg,2750,30
11/14 10:30:20,새송이(새송이버섯(일반)),1kg,2750,30
11/14 10:27:05,새송이(새송이버섯(일반)),1kg,875,39
11/14 10:26:40,새송이(새송이버섯(일반)),1kg,2250,40
11/14 10:26:04,새송이(새송이버섯(일반)),1kg,1500,50
11/14 10:23:37,새송이(새송이버섯(일반)),1kg,3000,24
11/14 10:23:33,새송이(새송이버섯(일반)),1kg,3000,24
11/14 10:23:29,새송이(새송이버섯(일반)),1kg,3000,24
11/14 10:23:27,새송이(새송이버섯(일반)),1kg,2500,33
11/14 10:23:24,새송이(새송이버섯(일반)),1kg,2500,33
11/14 10:23:21,새송이(새송이버섯(일반)),1kg,2500,24
11/14 10:23:13,새송이(새송이버섯(일반)),1kg,2750,30
11/14 10:23:11,새송이(새송이버섯(일반)),1kg,2750,30
11/14 10:23:06,새송이(새송이버섯(일반)),1kg,3250,20
11/14 10:23:02,새송이(새송이버섯(일반)),1kg,3250,20
11/14 10:11:23,새송이(새송이버섯(일반)),1kg,1875,81
11/14 10:11:19,새송이(새송이버섯(일반)),1kg,1875,81
11/14 10:11:16,새송이(새송이버섯(일반)),1kg,1875,81
11/14 10:11:12,새송이(새송이버섯(일반)),1kg,1750,80
11/14 10:11:09,새송이(새송이버섯(일반)),1kg,1750,80
11/14 10:11:07,새송이(새송이버섯(일반)),1kg,1750,80
11/14 10:11:04,새송이(새송이버섯(일반)),1kg,1750,80
11/14 10:10:58,새송이(새송이버섯(일반)),1kg,2000,72
11/14 10:10:55,새송이(새송이버섯(일반)),1kg,2000,72
11/14 10:10:51,새송이(새송이버섯(일반)),1kg,1875,90
11/14 10:10:48,새송이(새송이버섯(일반)),1kg,1750,100
11/14 10:10:44,새송이(새송이버섯(일반)),1kg,1750,100
11/14 10:10:39,새송이(새송이버섯(일반)),1kg,2000,80
11/14 10:10:35,새송이(새송이버섯(일반)),1kg,2000,80
11/14 10:06:57,새송이(새송이버섯(일반)),1kg,3000,100
11/14 10:02:47,새송이(새송이버섯(일반)),1kg,738,72
11/14 10:02:47,새송이(새송이버섯(일반)),1kg,2479,36
11/14 10:02:47,새송이(새송이버섯(일반)),1kg,4114,54
11/14 10:01:06,새송이(새송이버섯(일반)),1kg,1875,81
11/14 10:01:03,새송이(새송이버섯(일반)),1kg,1875,81
11/14 10:00:55,새송이(새송이버섯(일반)),1kg,1750,80
11/14 10:00:52,새송이(새송이버섯(일반)),1kg,1750,80
11/14 10:00:49,새송이(새송이버섯(일반)),1kg,1750,80
11/14 10:00:27,새송이(새송이버섯(일반)),1kg,2000,50
11/14 10:00:22,새송이(새송이버섯(일반)),1kg,1000,7
11/14 10:00:17,새송이(새송이버섯(일반)),1kg,2750,50
11/14 10:00:14,새송이(새송이버섯(일반)),1kg,2750,50
11/14 10:00:13,새송이(새송이버섯(일반)),1kg,2125,80
11/14 10:00:10,새송이(새송이버섯(일반)),1kg,1250,30
11/14 10:00:10,새송이(새송이버섯(일반)),1kg,2125,80
11/14 10:00:02,새송이(새송이버섯(일반)),1kg,50,13
11/14 10:00:02,새송이(새송이버섯(일반)),1kg,1875,65
11/14 09:59:59,새송이(새송이버섯(일반)),1kg,1875,65
11/14 09:59:57,새송이(새송이버섯(일반)),1kg,1000,24
11/14 09:59:56,새송이(새송이버섯(일반)),1kg,1875,70
11/14 09:59:54,새송이(새송이버섯(일반)),1kg,1000,23
11/14 09:59:51,새송이(새송이버섯(일반)),1kg,1500,30
11/14 09:59:49,새송이(새송이버섯(일반)),1kg,1875,80
11/14 09:59:47,새송이(새송이버섯(일반)),1kg,2250,60
11/14 09:59:46,새송이(새송이버섯(일반)),1kg,1875,85
11/14 09:59:43,새송이(새송이버섯(일반)),1kg,2250,60
11/14 09:59:43,새송이(새송이버섯(일반)),1kg,1875,85
11/14 09:59:41,새송이(새송이버섯(일반)),1kg,2250,60
11/14 09:59:38,새송이(새송이버섯(일반)),1kg,2250,60
11/14 09:59:37,새송이(새송이버섯(일반)),1kg,2000,90
11/14 09:59:36,새송이(새송이버섯(일반)),1kg,2250,60
11/14 09:59:34,새송이(새송이버섯(일반)),1kg,2000,90
11/14 09:59:33,새송이(새송이버섯(일반)),1kg,2250,60
11/14 09:59:32,새송이(새송이버섯(일반)),1kg,2000,90
11/14 09:59:29,새송이(새송이버섯(일반)),1kg,2000,90
11/14 09:59:18,새송이(새송이버섯(일반)),1kg,2000,8
11/14 09:59:14,새송이(새송이버섯(일반)),1kg,2000,11
11/14 09:59:11,새송이(새송이버섯(일반)),1kg,2750,20
11/14 09:59:10,새송이(새송이버섯(일반)),1kg,2250,18
11/14 09:59:07,새송이(새송이버섯(일반)),1kg,1500,26
11/14 09:59:07,새송이(새송이버섯(일반)),1kg,2500,50
11/14 09:59:05,새송이(새송이버섯(일반)),1kg,1500,25
11/14 09:59:03,새송이(새송이버섯(일반)),1kg,3000,50
11/14 09:58:57,새송이(새송이버섯(일반)),1kg,2250,18
11/14 09:58:54,새송이(새송이버섯(일반)),1kg,1500,24
11/14 09:58:53,새송이(새송이버섯(일반)),1kg,2500,63
11/14 09:58:52,새송이(새송이버섯(일반)),1kg,1500,24
11/14 09:58:50,새송이(새송이버섯(일반)),1kg,2500,63
11/14 09:58:49,새송이(새송이버섯(일반)),1kg,1500,24
11/14 09:58:46,새송이(새송이버섯(일반)),1kg,2000,20
11/14 09:58:42,새송이(새송이버섯(일반)),1kg,1750,9
11/14 09:58:38,새송이(새송이버섯(일반)),1kg,2250,27
11/14 09:58:34,새송이(새송이버섯(일반)),1kg,3000,60
11/14 09:58:33,새송이(새송이버섯(일반)),1kg,50,5
11/14 09:58:31,새송이(새송이버섯(일반)),1kg,3000,60
11/14 09:58:27,새송이(새송이버섯(일반)),1kg,2500,65
11/14 09:58:24,새송이(새송이버섯(일반)),1kg,2500,65
11/14 09:58:24,새송이(새송이버섯(일반)),1kg,100,6
11/14 09:58:21,새송이(새송이버섯(일반)),1kg,2500,65
11/14 09:58:21,새송이(새송이버섯(일반)),1kg,750,2
11/14 09:58:19,새송이(새송이버섯(일반)),1kg,2500,65
11/14 09:58:18,새송이(새송이버섯(일반)),1kg,750,7
11/14 09:58:16,새송이(새송이버섯(일반)),1kg,2500,66
11/14 09:58:14,새송이(새송이버섯(일반)),1kg,2500,65
11/14 09:58:14,새송이(새송이버섯(일반)),1kg,1250,15
11/14 09:58:12,새송이(새송이버섯(일반)),1kg,1250,16
11/14 09:58:11,새송이(새송이버섯(일반)),1kg,2500,65
11/14 09:58:08,새송이(새송이버섯(일반)),1kg,1000,3
11/14 09:58:07,새송이(새송이버섯(일반)),1kg,2750,54
11/14 09:58:04,새송이(새송이버섯(일반)),1kg,2500,54
11/14 09:58:04,새송이(새송이버섯(일반)),1kg,2250,25
11/14 09:58:01,새송이(새송이버섯(일반)),1kg,2500,53
11/14 09:58:01,새송이(새송이버섯(일반)),1kg,3000,40
11/14 09:57:59,새송이(새송이버섯(일반)),1kg,2500,53
11/14 09:57:58,새송이(새송이버섯(일반)),1kg,3000,40
11/14 09:57:55,새송이(새송이버섯(일반)),1kg,3000,40
11/14 09:57:54,새송이(새송이버섯(일반)),1kg,2500,47
11/14 09:57:52,새송이(새송이버섯(일반)),1kg,3000,42
11/14 09:57:50,새송이(새송이버섯(일반)),1kg,2500,47
11/14 09:57:48,새송이(새송이버섯(일반)),1kg,2500,47
11/14 09:57:46,새송이(새송이버섯(일반)),1kg,3000,27
11/14 09:57:45,새송이(새송이버섯(일반)),1kg,2500,65
11/14 09:57:43,새송이(새송이버섯(일반)),1kg,2500,65
11/14 09:57:43,새송이(새송이버섯(일반)),1kg,3000,27
11/14 09:57:40,새송이(새송이버섯(일반)),1kg,2500,65
11/14 09:57:37,새송이(새송이버섯(일반)),1kg,2500,65
11/14 09:57:33,새송이(새송이버섯(일반)),1kg,100,10
11/14 09:57:30,새송이(새송이버섯(일반)),1kg,1500,20
11/14 09:57:28,새송이(새송이버섯(일반)),1kg,1500,20
11/14 09:57:27,새송이(새송이버섯(일반)),1kg,1250,22
11/14 09:57:25,새송이(새송이버섯(일반)),1kg,1250,22
11/14 09:57:24,새송이(새송이버섯(일반)),1kg,3250,27
11/14 09:57:22,새송이(새송이버섯(일반)),1kg,1250,21
11/14 09:57:22,새송이(새송이버섯(일반)),1kg,3250,27
11/14 09:57:19,새송이(새송이버섯(일반)),1kg,1750,10
11/14 09:57:16,새송이(새송이버섯(일반)),1kg,1500,20
11/14 09:57:15,새송이(새송이버섯(일반)),1kg,2000,13
11/14 09:57:12,새송이(새송이버섯(일반)),1kg,3500,36
11/14 09:57:11,새송이(새송이버섯(일반)),1kg,2000,2
11/14 09:57:08,새송이(새송이버섯(일반)),1kg,3750,36
11/14 09:57:07,새송이(새송이버섯(일반)),1kg,2500,54
11/14 09:57:04,새송이(새송이버섯(일반)),1kg,2500,53
11/14 09:57:02,새송이(새송이버섯(일반)),1kg,2500,53
11/14 09:56:58,새송이(새송이버섯(일반)),1kg,2500,50
11/14 09:56:56,새송이(새송이버섯(일반)),1kg,1250,1
11/14 09:56:55,새송이(새송이버섯(일반)),1kg,2500,50
11/14 09:56:52,새송이(새송이버섯(일반)),1kg,2500,65
11/14 09:56:51,새송이(새송이버섯(일반)),1kg,2000,2
11/14 09:56:49,새송이(새송이버섯(일반)),1kg,2500,65
11/14 09:56:46,새송이(새송이버섯(일반)),1kg,2500,65
11/14 09:56:46,새송이(새송이버섯(일반)),1kg,3200,9
11/14 09:56:45,새송이(새송이버섯(일반)),1kg,2125,80
11/14 09:56:43,새송이(새송이버섯(일반)),1kg,2500,65
11/14 09:56:43,새송이(새송이버섯(일반)),1kg,2125,80
11/14 09:56:42,새송이(새송이버섯(일반)),1kg,3400,14
11/14 09:56:40,새송이(새송이버섯(일반)),1kg,2125,80
11/14 09:56:39,새송이(새송이버섯(일반)),1kg,3400,14
11/14 09:56:37,새송이(새송이버섯(일반)),1kg,2125,80
11/14 09:56:37,새송이(새송이버섯(일반)),1kg,3400,14
11/14 09:56:35,새송이(새송이버섯(일반)),1kg,2125,80
11/14 09:56:34,새송이(새송이버섯(일반)),1kg,3400,14
11/14 09:56:33,새송이(새송이버섯(일반)),1kg,2125,80
11/14 09:56:31,새송이(새송이버섯(일반)),1kg,2125,80
11/14 09:56:31,새송이(새송이버섯(일반)),1kg,3400,14
11/14 09:56:28,새송이(새송이버섯(일반)),1kg,2125,80
11/14 09:56:27,새송이(새송이버섯(일반)),1kg,3400,8
11/14 09:56:25,새송이(새송이버섯(일반)),1kg,2125,80
11/14 09:56:24,새송이(새송이버섯(일반)),1kg,3400,9
11/14 09:56:21,새송이(새송이버섯(일반)),1kg,3200,9
11/14 09:56:10,새송이(새송이버섯(일반)),1kg,2750,40
11/14 09:56:06,새송이(새송이버섯(일반)),1kg,500,3
11/14 09:56:05,새송이(새송이버섯(일반)),1kg,3000,40
11/14 09:56:02,새송이(새송이버섯(일반)),1kg,2750,40
11/14 09:56:01,새송이(새송이버섯(일반)),1kg,2750,65
11/14 09:55:59,새송이(새송이버섯(일반)),1kg,2750,40
11/14 09:55:53,새송이(새송이버섯(일반)),1kg,3000,68
11/14 09:55:52,새송이(새송이버섯(일반)),1kg,2750,40
11/14 09:55:49,새송이(새송이버섯(일반)),1kg,2750,40
11/14 09:55:48,새송이(새송이버섯(일반)),1kg,3000,30
11/14 09:55:45,새송이(새송이버섯(일반)),1kg,3000,65
11/14 09:55:43,새송이(새송이버섯(일반)),1kg,3000,65
11/14 09:55:42,새송이(새송이버섯(일반)),1kg,2750,40
11/14 09:55:40,새송이(새송이버섯(일반)),1kg,2500,50
11/14 09:55:40,새송이(새송이버섯(일반)),1kg,3000,65
11/14 09:55:38,새송이(새송이버섯(일반)),1kg,3000,65
11/14 09:55:37,새송이(새송이버섯(일반)),1kg,2750,40
11/14 09:55:36,새송이(새송이버섯(일반)),1kg,1250,20
11/14 09:55:35,새송이(새송이버섯(일반)),1kg,2750,40
11/14 09:55:33,새송이(새송이버섯(일반)),1kg,3000,40
11/14 09:55:32,새송이(새송이버섯(일반)),1kg,1000,28
11/14 09:55:32,새송이(새송이버섯(일반)),1kg,2750,40
11/14 09:55:30,새송이(새송이버섯(일반)),1kg,3000,65
11/14 09:55:28,새송이(새송이버섯(일반)),1kg,1000,28
11/14 09:55:28,새송이(새송이버섯(일반)),1kg,2750,40
11/14 09:55:27,새송이(새송이버섯(일반)),1kg,3000,65
11/14 09:55:26,새송이(새송이버섯(일반)),1kg,1000,28
11/14 09:55:25,새송이(새송이버섯(일반)),1kg,2750,40
11/14 09:55:21,새송이(새송이버섯(일반)),1kg,1250,28
11/14 09:55:18,새송이(새송이버섯(일반)),1kg,200,5
11/14 09:55:15,새송이(새송이버섯(일반)),1kg,1000,8
11/14 09:55:14,새송이(새송이버섯(일반)),1kg,500,2
11/14 09:55:11,새송이(새송이버섯(일반)),1kg,2000,19
11/14 09:55:10,새송이(새송이버섯(일반)),1kg,1350,100
11/14 09:55:10,새송이(새송이버섯(일반)),1kg,1250,22
11/14 09:55:08,새송이(새송이버섯(일반)),1kg,2250,40
11/14 09:55:04,새송이(새송이버섯(일반)),1kg,3500,45
11/14 09:55:03,새송이(새송이버섯(일반)),1kg,2500,40
11/14 09:55:03,새송이(새송이버섯(일반)),1kg,1500,23
11/14 09:55:01,새송이(새송이버섯(일반)),1kg,3250,45
11/14 09:55:00,새송이(새송이버섯(일반)),1kg,1500,23
11/14 09:54:59,새송이(새송이버섯(일반)),1kg,2500,44
11/14 09:54:56,새송이(새송이버섯(일반)),1kg,2500,43
11/14 09:54:54,새송이(새송이버섯(일반)),1kg,2250,11
11/14 09:54:53,새송이(새송이버섯(일반)),1kg,1875,60
11/14 09:54:51,새송이(새송이버섯(일반)),1kg,2750,47
11/14 09:54:51,새송이(새송이버섯(일반)),1kg,1875,60
11/14 09:54:50,새송이(새송이버섯(일반)),1kg,1500,25
11/14 09:54:49,새송이(새송이버섯(일반)),1kg,1875,65
11/14 09:54:48,새송이(새송이버섯(일반)),1kg,2750,47
11/14 09:54:46,새송이(새송이버섯(일반)),1kg,1875,65
11/14 09:54:45,새송이(새송이버섯(일반)),1kg,2750,29
11/14 09:54:44,새송이(새송이버섯(일반)),1kg,2500,54
11/14 09:54:40,새송이(새송이버섯(일반)),1kg,2500,53
11/14 09:54:40,새송이(새송이버섯(일반)),1kg,3000,50
11/14 09:54:39,새송이(새송이버섯(일반)),1kg,750,6
11/14 09:54:38,새송이(새송이버섯(일반)),1kg,3000,55
11/14 09:54:36,새송이(새송이버섯(일반)),1kg,3000,55
11/14 09:54:35,새송이(새송이버섯(일반)),1kg,2500,53
11/14 09:54:33,새송이(새송이버섯(일반)),1kg,1200,140
11/14 09:54:33,새송이(새송이버섯(일반)),1kg,3000,55
11/14 09:54:32,새송이(새송이버섯(일반)),1kg,2500,54
11/14 09:54:28,새송이(새송이버섯(일반)),1kg,2500,53
11/14 09:54:28,새송이(새송이버섯(일반)),1kg,3000,65
11/14 09:54:27,새송이(새송이버섯(일반)),1kg,3250,50
11/14 09:54:26,새송이(새송이버섯(일반)),1kg,3000,65
11/14 09:54:24,새송이(새송이버섯(일반)),1kg,2500,53
11/14 09:54:24,새송이(새송이버섯(일반)),1kg,3250,50
11/14 09:54:23,새송이(새송이버섯(일반)),1kg,3000,65
11/14 09:54:19,새송이(새송이버섯(일반)),1kg,3000,65
11/14 09:54:16,새송이(새송이버섯(일반)),1kg,1875,60
11/14 09:54:15,새송이(새송이버섯(일반)),1kg,3000,50
11/14 09:54:14,새송이(새송이버섯(일반)),1kg,1875,70
11/14 09:54:12,새송이(새송이버섯(일반)),1kg,3000,52
11/14 09:54:11,새송이(새송이버섯(일반)),1kg,1875,70
11/14 09:54:10,새송이(새송이버섯(일반)),1kg,3000,55
11/14 09:54:07,새송이(새송이버섯(일반)),1kg,3000,55
11/14 09:53:59,새송이(새송이버섯(일반)),1kg,1750,60
11/14 09:53:56,새송이(새송이버섯(일반)),1kg,1750,60
11/14 09:53:53,새송이(새송이버섯(일반)),1kg,2500,14
11/14 09:53:52,새송이(새송이버섯(일반)),1kg,2000,60
11/14 09:53:49,새송이(새송이버섯(일반)),1kg,2750,38
11/14 09:53:45,새송이(새송이버섯(일반)),1kg,2000,50
11/14 09:53:44,새송이(새송이버섯(일반)),1kg,2750,60
11/14 09:53:40,새송이(새송이버섯(일반)),1kg,2750,60
11/14 09:53:39,새송이(새송이버섯(일반)),1kg,3000,15
11/14 09:53:35,새송이(새송이버섯(일반)),1kg,2750,60
11/14 09:53:32,새송이(새송이버섯(일반)),1kg,3000,15
11/14 09:53:30,새송이(새송이버섯(일반)),1kg,2750,60
11/14 09:53:26,새송이(새송이버섯(일반)),1kg,2750,60
11/14 09:53:24,새송이(새송이버섯(일반)),1kg,2750,60
11/14 09:53:22,새송이(새송이버섯(일반)),1kg,2250,3
11/14 09:53:21,새송이(새송이버섯(일반)),1kg,2750,60
11/14 09:53:19,새송이(새송이버섯(일반)),1kg,2750,60
11/14 09:53:18,새송이(새송이버섯(일반)),1kg,2500,4
11/14 09:53:16,새송이(새송이버섯(일반)),1kg,2750,60
11/14 09:53:13,새송이(새송이버섯(일반)),1kg,2750,38
11/14 09:53:13,새송이(새송이버섯(일반)),1kg,2750,60
11/14 09:53:11,새송이(새송이버섯(일반)),1kg,2750,60
11/14 09:53:09,새송이(새송이버섯(일반)),1kg,2750,38
11/14 09:53:09,새송이(새송이버섯(일반)),1kg,2750,60
11/14 09:53:06,새송이(새송이버섯(일반)),1kg,2750,60
11/14 09:53:04,새송이(새송이버섯(일반)),1kg,3250,63
11/14 09:53:03,새송이(새송이버섯(일반)),1kg,2750,60
11/14 09:53:00,새송이(새송이버섯(일반)),1kg,3250,63
11/14 09:52:57,새송이(새송이버섯(일반)),1kg,3250,62
11/14 09:52:53,새송이(새송이버섯(일반)),1kg,3250,62
11/14 09:52:52,새송이(새송이버섯(일반)),1kg,350,116
11/14 09:52:43,새송이(새송이버섯(일반)),1kg,1000,20
11/14 09:52:41,새송이(새송이버섯(일반)),1kg,1875,81
11/14 09:52:39,새송이(새송이버섯(일반)),1kg,1250,20
11/14 09:52:38,새송이(새송이버섯(일반)),1kg,1875,81
11/14 09:52:30,새송이(새송이버섯(일반)),1kg,183,480
11/14 09:52:26,새송이(새송이버섯(일반)),1kg,200,480
11/14 09:52:16,새송이(새송이버섯(일반)),1kg,1250,72
11/14 09:52:16,새송이(새송이버섯(일반)),1kg,1875,80
11/14 09:52:11,새송이(새송이버섯(일반)),1kg,2000,3
11/14 09:52:05,새송이(새송이버섯(일반)),1kg,2000,27
11/14 09:52:02,새송이(새송이버섯(일반)),1kg,2000,27
11/14 09:51:58,새송이(새송이버섯(일반)),1kg,2000,27
11/14 09:51:54,새송이(새송이버섯(일반)),1kg,1000,14
11/14 09:51:50,새송이(새송이버섯(일반)),1kg,1500,24
11/14 09:51:47,새송이(새송이버섯(일반)),1kg,1500,24
11/14 09:51:41,새송이(새송이버섯(일반)),1kg,1250,32
11/14 09:51:37,새송이(새송이버섯(일반)),1kg,2500,15
11/14 09:51:33,새송이(새송이버섯(일반)),1kg,2666,15
11/14 09:51:28,새송이(새송이버섯(일반)),1kg,1600,4
11/14 09:51:23,새송이(새송이버섯(일반)),1kg,1600,2
11/14 09:51:21,새송이(새송이버섯(일반)),1kg,2100,100
11/14 09:51:18,새송이(새송이버섯(일반)),1kg,2000,20
11/14 09:51:17,새송이(새송이버섯(일반)),1kg,2000,100
11/14 09:51:14,새송이(새송이버섯(일반)),1kg,2000,20
11/14 09:51:09,새송이(새송이버섯(일반)),1kg,2200,20
11/14 09:51:08,새송이(새송이버섯(일반)),1kg,1875,80
11/14 09:51:05,새송이(새송이버섯(일반)),1kg,2200,19
11/14 09:51:04,새송이(새송이버섯(일반)),1kg,1875,80
11/14 09:51:00,새송이(새송이버섯(일반)),1kg,2400,11
11/14 09:50:55,새송이(새송이버섯(일반)),1kg,2000,20
11/14 09:50:50,새송이(새송이버섯(일반)),1kg,1750,1
11/14 09:50:46,새송이(새송이버섯(일반)),1kg,1250,3
11/14 09:50:40,새송이(새송이버섯(일반)),1kg,3400,2
11/14 09:50:36,새송이(새송이버섯(일반)),1kg,3000,1
11/14 09:50:30,새송이(새송이버섯(일반)),1kg,3800,14
11/14 09:50:28,새송이(새송이버섯(일반)),1kg,3250,50
11/14 09:50:25,새송이(새송이버섯(일반)),1kg,3250,50
11/14 09:50:24,새송이(새송이버섯(일반)),1kg,4000,14
11/14 09:50:20,새송이(새송이버섯(일반)),1kg,3800,21
11/14 09:50:16,새송이(새송이버섯(일반)),1kg,3800,20
11/14 09:50:13,새송이(새송이버섯(일반)),1kg,1250,30
11/14 09:50:11,새송이(새송이버섯(일반)),1kg,4000,22
11/14 09:50:08,새송이(새송이버섯(일반)),1kg,2250,43
11/14 09:50:07,새송이(새송이버섯(일반)),1kg,3800,22
11/14 09:50:03,새송이(새송이버섯(일반)),1kg,3800,21
11/14 09:50:03,새송이(새송이버섯(일반)),1kg,2500,40
11/14 09:50:00,새송이(새송이버섯(일반)),1kg,2500,40
11/14 09:49:56,새송이(새송이버섯(일반)),1kg,4000,21
11/14 09:49:54,새송이(새송이버섯(일반)),1kg,2750,40
11/14 09:49:51,새송이(새송이버섯(일반)),1kg,4000,21
11/14 09:49:50,새송이(새송이버섯(일반)),1kg,2750,40
11/14 09:49:46,새송이(새송이버섯(일반)),1kg,4000,21
11/14 09:49:34,새송이(새송이버섯(일반)),1kg,850,80
11/14 09:49:26,새송이(새송이버섯(일반)),1kg,2000,40
11/14 09:49:18,새송이(새송이버섯(일반)),1kg,2125,40
11/14 09:48:31,새송이(새송이버섯(일반)),1kg,1625,80
11/14 09:48:19,새송이(새송이버섯(일반)),1kg,1550,114
11/14 09:48:13,새송이(새송이버섯(일반)),1kg,2950,123
11/14 09:48:02,새송이(새송이버섯(일반)),1kg,1750,80
11/14 09:47:33,새송이(새송이버섯(일반)),1kg,950,34
11/14 09:47:29,새송이(새송이버섯(일반)),1kg,1100,11
11/14 09:47:24,새송이(새송이버섯(일반)),1kg,450,50
11/14 09:47:17,새송이(새송이버섯(일반)),1kg,1650,100
11/14 09:47:09,새송이(새송이버섯(일반)),1kg,2250,51
11/14 09:47:02,새송이(새송이버섯(일반)),1kg,2500,11
11/14 09:46:55,새송이(새송이버섯(일반)),1kg,3750,57
11/14 09:46:52,새송이(새송이버섯(일반)),1kg,3750,57
11/14 09:46:48,새송이(새송이버섯(일반)),1kg,3750,50
11/14 09:46:46,새송이(새송이버섯(일반)),1kg,3750,50
11/14 09:46:44,새송이(새송이버섯(일반)),1kg,3750,50
11/14 09:46:41,새송이(새송이버섯(일반)),1kg,3750,50
11/14 09:46:32,새송이(새송이버섯(일반)),1kg,750,2
11/14 09:46:27,새송이(새송이버섯(일반)),1kg,500,33
11/14 09:46:21,새송이(새송이버섯(일반)),1kg,1500,7
11/14 09:46:14,새송이(새송이버섯(일반)),1kg,950,3
11/14 09:46:07,새송이(새송이버섯(일반)),1kg,2250,10
11/14 09:46:02,새송이(새송이버섯(일반)),1kg,2500,8
11/14 09:45:56,새송이(새송이버섯(일반)),1kg,3750,31
11/14 09:45:48,새송이(새송이버섯(일반)),1kg,950,9
11/14 09:45:43,새송이(새송이버섯(일반)),1kg,450,28
11/14 09:45:37,새송이(새송이버섯(일반)),1kg,1950,26
11/14 09:45:31,새송이(새송이버섯(일반)),1kg,1150,6
11/14 09:45:23,새송이(새송이버섯(일반)),1kg,2500,7
11/14 09:45:18,새송이(새송이버섯(일반)),1kg,2250,29
11/14 09:45:11,새송이(새송이버섯(일반)),1kg,3750,41
11/14 09:45:08,새송이(새송이버섯(일반)),1kg,3750,50
11/14 09:45:05,새송이(새송이버섯(일반)),1kg,3750,50
11/14 09:44:56,새송이(새송이버섯(일반)),1kg,3750,14
11/14 09:44:49,새송이(새송이버섯(일반)),1kg,5000,15
11/14 09:44:42,새송이(새송이버섯(일반)),1kg,4000,54
11/14 09:44:33,새송이(새송이버섯(일반)),1kg,4250,45
11/14 09:44:29,새송이(새송이버섯(일반)),1kg,4500,45
11/14 09:44:25,새송이(새송이버섯(일반)),1kg,4500,50
11/14 09:44:22,새송이(새송이버섯(일반)),1kg,4500,50
11/14 09:43:57,새송이(새송이버섯(일반)),1kg,5000,6
11/14 09:43:53,새송이(새송이버섯(일반)),1kg,2890,1
11/14 09:43:39,새송이(새송이버섯(일반)),1kg,950,162
11/14 09:43:29,새송이(새송이버섯(일반)),1kg,440,10
11/14 09:43:22,새송이(새송이버섯(일반)),1kg,500,140
11/14 09:43:19,새송이(새송이버섯(일반)),1kg,500,140
11/14 09:43:13,새송이(새송이버섯(일반)),1kg,480,140
11/14 09:43:06,새송이(새송이버섯(일반)),1kg,460,180
11/14 09:42:57,새송이(새송이버섯(일반)),1kg,440,190
11/14 09:41:48,새송이(새송이버섯(일반)),1kg,2775,1
11/14 09:40:20,새송이(새송이버섯(일반)),1kg,3675,6
11/14 09:39:28,새송이(새송이버섯(일반)),1kg,175,1000
11/14 09:39:22,새송이(새송이버섯(일반)),1kg,175,800
11/14 09:39:15,새송이(새송이버섯(일반)),1kg,200,800
11/14 09:39:12,새송이(새송이버섯(일반)),1kg,200,800
11/14 09:39:09,새송이(새송이버섯(일반)),1kg,200,800
11/14 09:39:03,새송이(새송이버섯(일반)),1kg,1500,75
11/14 09:38:59,새송이(새송이버섯(일반)),1kg,1250,24
11/14 09:38:55,새송이(새송이버섯(일반)),1kg,1250,16
11/14 09:38:48,새송이(새송이버섯(일반)),1kg,1500,20
11/14 09:38:41,새송이(새송이버섯(일반)),1kg,133,480
11/14 09:38:39,새송이(새송이버섯(일반)),1kg,133,480
11/14 09:38:37,새송이(새송이버섯(일반)),1kg,133,480
11/14 09:38:30,새송이(새송이버섯(일반)),1kg,2500,40
11/14 09:38:25,새송이(새송이버섯(일반)),1kg,2500,20
11/14 09:38:22,새송이(새송이버섯(일반)),1kg,2500,40
11/14 09:38:17,새송이(새송이버섯(일반)),1kg,2750,80
11/14 09:38:15,새송이(새송이버섯(일반)),1kg,2750,80
11/14 09:38:13,새송이(새송이버섯(일반)),1kg,2750,80
11/14 09:38:10,새송이(새송이버섯(일반)),1kg,2750,80
11/14 09:38:04,새송이(새송이버섯(일반)),1kg,2000,20
11/14 09:38:00,새송이(새송이버섯(일반)),1kg,2500,60
11/14 09:37:58,새송이(새송이버섯(일반)),1kg,2500,60
11/14 09:37:55,새송이(새송이버섯(일반)),1kg,2500,60
11/14 09:37:49,새송이(새송이버섯(일반)),1kg,2750,70
11/14 09:37:46,새송이(새송이버섯(일반)),1kg,2750,70
11/14 09:37:43,새송이(새송이버섯(일반)),1kg,2750,80
11/14 09:35:52,새송이(새송이버섯(일반)),1kg,3412,2
11/14 09:35:52,새송이(새송이버섯(일반)),1kg,2362,2
11/14 09:32:33,새송이(새송이버섯(일반)),1kg,4200,1
11/14 09:28:16,새송이(새송이버섯(일반)),1kg,4200,2
11/14 08:37:21,새송이(새송이버섯(일반)),1kg,1875,80
11/14 08:37:21,새송이(새송이버섯(일반)),1kg,4666,2
11/14 08:37:21,새송이(새송이버섯(일반)),1kg,4666,1
11/14 08:37:21,새송이(새송이버섯(일반)),1kg,4666,1
11/14 08:37:21,새송이(새송이버섯(일반)),1kg,4666,5
11/14 08:37:21,새송이(새송이버섯(일반)),1kg,5666,2
11/14 08:37:21,새송이(새송이버섯(일반)),1kg,1750,72
11/14 08:32:51,새송이(새송이버섯(일반)),1kg,250,30
11/14 08:32:51,새송이(새송이버섯(일반)),1kg,250,70
11/14 08:32:51,새송이(새송이버섯(일반)),1kg,250,100
11/14 08:32:51,새송이(새송이버섯(일반)),1kg,250,100
11/14 08:32:51,새송이(새송이버섯(일반)),1kg,250,100
11/14 08:32:51,새송이(새송이버섯(일반)),1kg,250,100
11/14 08:32:51,새송이(새송이버섯(일반)),1kg,250,100
11/14 08:32:44,새송이(새송이버섯(일반)),1kg,3150,40
11/14 08:32:44,새송이(새송이버섯(일반)),1kg,3500,40
11/14 08:32:44,새송이(새송이버섯(일반)),1kg,3150,40
11/14 08:32:40,새송이(새송이버섯(일반)),1kg,2850,21
11/14 08:32:40,새송이(새송이버섯(일반)),1kg,900,20
11/14 08:32:40,새송이(새송이버섯(일반)),1kg,2850,21
11/14 08:32:40,새송이(새송이버섯(일반)),1kg,3500,24
11/14 08:32:40,새송이(새송이버섯(일반)),1kg,1900,16
11/14 08:32:40,새송이(새송이버섯(일반)),1kg,900,10
11/14 08:32:40,새송이(새송이버섯(일반)),1kg,800,25
11/14 08:32:40,새송이(새송이버섯(일반)),1kg,750,25
11/14 08:32:40,새송이(새송이버섯(일반)),1kg,2850,21
11/14 08:32:40,새송이(새송이버섯(일반)),1kg,750,25
11/14 08:32:40,새송이(새송이버섯(일반)),1kg,3500,24
11/14 08:32:40,새송이(새송이버섯(일반)),1kg,750,25
11/14 08:32:40,새송이(새송이버섯(일반)),1kg,900,20
11/14 08:32:34,새송이(새송이버섯(일반)),1kg,3150,4
11/14 08:32:34,새송이(새송이버섯(일반)),1kg,2150,24
11/14 08:32:34,새송이(새송이버섯(일반)),1kg,900,20
11/14 08:32:34,새송이(새송이버섯(일반)),1kg,900,40
11/14 08:32:34,새송이(새송이버섯(일반)),1kg,2400,16
11/14 08:32:34,새송이(새송이버섯(일반)),1kg,900,15
11/14 08:32:34,새송이(새송이버섯(일반)),1kg,1900,30
11/14 08:32:34,새송이(새송이버섯(일반)),1kg,2400,32
11/14 08:32:34,새송이(새송이버섯(일반)),1kg,900,40
11/14 08:32:34,새송이(새송이버섯(일반)),1kg,900,10
11/14 08:32:34,새송이(새송이버섯(일반)),1kg,3150,4
11/14 08:32:34,새송이(새송이버섯(일반)),1kg,3150,12
11/14 08:32:28,새송이(새송이버섯(일반)),1kg,3150,20
11/14 08:32:28,새송이(새송이버섯(일반)),1kg,3500,12
11/14 08:32:28,새송이(새송이버섯(일반)),1kg,3150,40
11/14 08:32:28,새송이(새송이버섯(일반)),1kg,3500,12
11/14 08:32:28,새송이(새송이버섯(일반)),1kg,3150,40
11/14 08:32:28,새송이(새송이버섯(일반)),1kg,3150,20
11/14 08:32:28,새송이(새송이버섯(일반)),1kg,3150,12
11/14 08:32:28,새송이(새송이버섯(일반)),1kg,3150,40
11/14 08:32:28,새송이(새송이버섯(일반)),1kg,3150,60
11/14 08:32:28,새송이(새송이버섯(일반)),1kg,3500,32
11/14 08:32:28,새송이(새송이버섯(일반)),1kg,3150,20
11/14 08:32:28,새송이(새송이버섯(일반)),1kg,3500,8
11/14 08:32:28,새송이(새송이버섯(일반)),1kg,3150,60
11/14 08:32:28,새송이(새송이버섯(일반)),1kg,3150,28
11/14 08:32:28,새송이(새송이버섯(일반)),1kg,3500,16
11/14 08:30:15,새송이(새송이버섯(일반)),1kg,1250,17
11/14 08:30:15,새송이(새송이버섯(일반)),1kg,2250,7
11/14 08:30:15,새송이(새송이버섯(일반)),1kg,2250,1
11/14 08:29:58,새송이(새송이버섯(일반)),1kg,2250,3
11/14 08:29:58,새송이(새송이버섯(일반)),1kg,2250,7
11/14 08:29:58,새송이(새송이버섯(일반)),1kg,1250,29
11/14 07:56:52,새송이(새송이버섯(일반)),1kg,2130,1
11/14 07:50:11,새송이(새송이버섯(일반)),1kg,2125,2
11/14 07:50:11,새송이(새송이버섯(일반)),1kg,2125,2
11/14 07:50:11,새송이(새송이버섯(일반)),1kg,2125,5
11/14 07:50:11,새송이(새송이버섯(일반)),1kg,2125,5
11/14 07:50:11,새송이(새송이버섯(일반)),1kg,2125,5
11/14 07:50:11,새송이(새송이버섯(일반)),1kg,2125,5
11/14 07:50:11,새송이(새송이버섯(일반)),1kg,2125,2
11/14 07:50:11,새송이(새송이버섯(일반)),1kg,2125,1
11/14 07:50:11,새송이(새송이버섯(일반)),1kg,2125,2
11/14 07:50:11,새송이(새송이버섯(일반)),1kg,2125,5
11/14 07:50:11,새송이(새송이버섯(일반)),1kg,2125,2
11/14 07:50:11,새송이(새송이버섯(일반)),1kg,2125,5
11/14 07:50:11,새송이(새송이버섯(일반)),1kg,2125,2
11/14 07:50:11,새송이(새송이버섯(일반)),1kg,2125,2
11/14 07:50:11,새송이(새송이버섯(일반)),1kg,2125,2
11/14 07:50:11,새송이(새송이버섯(일반)),1kg,2125,5
11/14 07:50:11,새송이(새송이버섯(일반)),1kg,2125,5
11/14 07:50:11,새송이(새송이버섯(일반)),1kg,2125,2
11/14 07:50:11,새송이(새송이버섯(일반)),1kg,2125,2
11/14 07:50:11,새송이(새송이버섯(일반)),1kg,2125,5
11/14 07:50:11,새송이(새송이버섯(일반)),1kg,2125,10
11/14 07:50:11,새송이(새송이버섯(일반)),1kg,2125,2
11/14 07:50:11,새송이(새송이버섯(일반)),1kg,2125,2
11/14 07:49:16,새송이(새송이버섯(일반)),1kg,2150,40
11/14 07:49:16,새송이(새송이버섯(일반)),1kg,2150,40
11/14 07:49:05,새송이(새송이버섯(일반)),1kg,2150,40
11/14 07:49:05,새송이(새송이버섯(일반)),1kg,2150,40
11/14 07:49:00,새송이(새송이버섯(일반)),1kg,2150,40
11/14 07:49:00,새송이(새송이버섯(일반)),1kg,2150,40
11/14 07:48:53,새송이(새송이버섯(일반)),1kg,2150,40
11/14 07:48:53,새송이(새송이버섯(일반)),1kg,2150,40
11/14 07:48:50,새송이(새송이버섯(일반)),1kg,2150,40
11/14 07:48:50,새송이(새송이버섯(일반)),1kg,2150,40
11/14 07:48:47,새송이(새송이버섯(일반)),1kg,2150,40
11/14 07:48:47,새송이(새송이버섯(일반)),1kg,2150,40
11/14 07:48:43,새송이(새송이버섯(일반)),1kg,3500,21
11/14 07:48:43,새송이(새송이버섯(일반)),1kg,3500,5
11/14 07:48:42,새송이(새송이버섯(일반)),1kg,3500,5
11/14 07:48:42,새송이(새송이버섯(일반)),1kg,3500,40
11/14 07:48:42,새송이(새송이버섯(일반)),1kg,3500,10
11/14 07:48:42,새송이(새송이버섯(일반)),1kg,3500,5
11/14 07:48:42,새송이(새송이버섯(일반)),1kg,3500,10
11/14 07:41:01,새송이(새송이버섯(일반)),1kg,4500,2
11/14 07:41:01,새송이(새송이버섯(일반)),1kg,5000,5
11/14 07:38:06,새송이(새송이버섯(일반)),1kg,1400,36
11/14 07:38:06,새송이(새송이버섯(일반)),1kg,1400,36
11/14 07:38:03,새송이(새송이버섯(일반)),1kg,1400,60
11/14 07:38:03,새송이(새송이버섯(일반)),1kg,1400,60
11/14 07:38:00,새송이(새송이버섯(일반)),1kg,1400,60
11/14 07:38:00,새송이(새송이버섯(일반)),1kg,1400,60
11/14 07:37:48,새송이(새송이버섯(일반)),1kg,2000,20
11/14 07:37:48,새송이(새송이버섯(일반)),1kg,2000,20
11/14 07:37:45,새송이(새송이버섯(일반)),1kg,2000,20
11/14 07:37:45,새송이(새송이버섯(일반)),1kg,2000,20
11/14 07:37:43,새송이(새송이버섯(일반)),1kg,2000,20
11/14 07:37:43,새송이(새송이버섯(일반)),1kg,2000,20
11/14 07:37:33,새송이(새송이버섯(일반)),1kg,2000,20
11/14 07:37:33,새송이(새송이버섯(일반)),1kg,2000,20
11/14 07:35:21,새송이(새송이버섯(일반)),1kg,3000,20
11/14 07:35:21,새송이(새송이버섯(일반)),1kg,3000,20
11/14 07:35:18,새송이(새송이버섯(일반)),1kg,3000,50
11/14 07:35:18,새송이(새송이버섯(일반)),1kg,3000,50
11/14 07:35:15,새송이(새송이버섯(일반)),1kg,3000,35
11/14 07:35:15,새송이(새송이버섯(일반)),1kg,3000,35
11/14 07:35:11,새송이(새송이버섯(일반)),1kg,3000,35
11/14 07:35:11,새송이(새송이버섯(일반)),1kg,3000,35
11/14 07:26:49,새송이(새송이버섯(일반)),1kg,3000,2
11/14 07:26:35,새송이(새송이버섯(일반)),1kg,3150,20
11/14 07:24:49,새송이(새송이버섯(일반)),1kg,233,30
11/14 07:24:49,새송이(새송이버섯(일반)),1kg,2000,4
11/14 07:14:27,새송이(새송이버섯(일반)),1kg,2000,20
11/14 07:14:27,새송이(새송이버섯(일반)),1kg,2000,20
11/14 07:14:09,새송이(새송이버섯(일반)),1kg,2050,20
11/14 07:14:09,새송이(새송이버섯(일반)),1kg,2050,20
11/14 07:13:41,새송이(새송이버섯(일반)),1kg,2125,20
11/14 07:13:34,새송이(새송이버섯(일반)),1kg,2150,20
11/14 07:02:34,새송이(새송이버섯(일반)),1kg,3100,24
11/14 07:02:34,새송이(새송이버섯(일반)),1kg,3100,24
11/14 07:02:27,새송이(새송이버섯(일반)),1kg,3600,52
11/14 07:02:27,새송이(새송이버섯(일반)),1kg,3600,52
11/14 07:02:20,새송이(새송이버섯(일반)),1kg,2900,20
11/14 07:02:20,새송이(새송이버섯(일반)),1kg,2900,20
11/14 07:01:42,새송이(새송이버섯(일반)),1kg,3000,48
11/14 07:01:42,새송이(새송이버섯(일반)),1kg,3000,48
11/14 07:01:36,새송이(새송이버섯(일반)),1kg,3000,48
11/14 07:01:36,새송이(새송이버섯(일반)),1kg,3000,48
11/14 07:01:32,새송이(새송이버섯(일반)),1kg,3000,48
11/14 07:01:32,새송이(새송이버섯(일반)),1kg,3000,48
11/14 06:59:26,새송이(새송이버섯(일반)),1kg,1100,60
11/14 06:59:26,새송이(새송이버섯(일반)),1kg,1100,60
11/14 06:59:11,새송이(새송이버섯(일반)),1kg,1250,60
11/14 06:59:11,새송이(새송이버섯(일반)),1kg,1250,60
11/14 06:58:59,새송이(새송이버섯(일반)),1kg,1000,42
11/14 06:58:59,새송이(새송이버섯(일반)),1kg,1000,42
11/14 06:58:51,새송이(새송이버섯(일반)),1kg,1500,27
11/14 06:58:51,새송이(새송이버섯(일반)),1kg,1500,27
11/14 06:58:42,새송이(새송이버섯(일반)),1kg,2300,42
11/14 06:58:42,새송이(새송이버섯(일반)),1kg,2300,42
11/14 06:58:36,새송이(새송이버섯(일반)),1kg,2250,42
11/14 06:58:36,새송이(새송이버섯(일반)),1kg,2250,42
11/14 06:58:25,새송이(새송이버섯(일반)),1kg,2750,21
11/14 06:58:25,새송이(새송이버섯(일반)),1kg,2750,21
11/14 06:57:18,새송이(새송이버섯(일반)),1kg,750,2
11/14 06:54:09,새송이(새송이버섯(일반)),1kg,1400,8
11/14 06:54:05,새송이(새송이버섯(일반)),1kg,2400,4
11/14 06:54:01,새송이(새송이버섯(일반)),1kg,3000,20
11/14 06:53:46,새송이(새송이버섯(일반)),1kg,3000,18
11/14 06:52:57,새송이(새송이버섯(일반)),1kg,1800,10
11/14 06:52:50,새송이(새송이버섯(일반)),1kg,2500,4
11/14 06:52:23,새송이(새송이버섯(일반)),1kg,3000,10
11/14 06:52:02,새송이(새송이버섯(일반)),1kg,3150,20
11/14 06:51:59,새송이(새송이버섯(일반)),1kg,3150,20
11/14 06:46:08,새송이(새송이버섯(일반)),1kg,2750,40
11/14 06:46:05,새송이(새송이버섯(일반)),1kg,2750,40
11/14 06:46:00,새송이(새송이버섯(일반)),1kg,2750,40
11/14 06:43:41,새송이(새송이버섯(일반)),1kg,2150,5
11/14 06:43:36,새송이(새송이버섯(일반)),1kg,2500,20
11/14 06:43:25,새송이(새송이버섯(일반)),1kg,2900,36
11/14 06:43:07,새송이(새송이버섯(일반)),1kg,3150,41
11/14 06:43:03,새송이(새송이버섯(일반)),1kg,3150,41
11/14 06:40:39,새송이(새송이버섯(일반)),1kg,2500,10
11/14 06:40:33,새송이(새송이버섯(일반)),1kg,2500,10
11/14 06:40:30,새송이(새송이버섯(일반)),1kg,2500,10
11/14 06:40:22,새송이(새송이버섯(일반)),1kg,2500,10
11/14 06:39:56,새송이(새송이버섯(일반)),1kg,1300,20
11/14 06:39:52,새송이(새송이버섯(일반)),1kg,1300,20
11/14 06:39:49,새송이(새송이버섯(일반)),1kg,1250,20
11/14 06:39:41,새송이(새송이버섯(일반)),1kg,1250,20
11/14 06:39:27,새송이(새송이버섯(일반)),1kg,3100,30
11/14 06:39:24,새송이(새송이버섯(일반)),1kg,3100,30
11/14 06:39:19,새송이(새송이버섯(일반)),1kg,3400,30
11/14 06:39:16,새송이(새송이버섯(일반)),1kg,3350,30
11/14 06:28:23,새송이(새송이버섯(일반)),1kg,2850,20
11/14 06:28:23,새송이(새송이버섯(일반)),1kg,2850,16
11/14 06:28:23,새송이(새송이버섯(일반)),1kg,2850,28
11/14 06:28:23,새송이(새송이버섯(일반)),1kg,2850,40
11/14 06:28:23,새송이(새송이버섯(일반)),1kg,3400,8
11/14 06:28:23,새송이(새송이버섯(일반)),1kg,3400,24
11/14 06:28:22,새송이(새송이버섯(일반)),1kg,3500,8
11/14 06:28:22,새송이(새송이버섯(일반)),1kg,3250,12
11/14 06:28:22,새송이(새송이버섯(일반)),1kg,3500,20
11/14 06:28:22,새송이(새송이버섯(일반)),1kg,3250,40
11/14 06:28:22,새송이(새송이버섯(일반)),1kg,3500,16
11/14 06:28:22,새송이(새송이버섯(일반)),1kg,3500,12
11/14 06:28:22,새송이(새송이버섯(일반)),1kg,3250,12
11/14 06:28:22,새송이(새송이버섯(일반)),1kg,3500,12
11/14 06:28:22,새송이(새송이버섯(일반)),1kg,3500,28
11/14 06:28:22,새송이(새송이버섯(일반)),1kg,3250,64
11/14 06:28:22,새송이(새송이버섯(일반)),1kg,3500,8
11/14 06:28:22,새송이(새송이버섯(일반)),1kg,2850,12
11/14 06:28:22,새송이(새송이버섯(일반)),1kg,2850,20
11/14 06:15:15,새송이(새송이버섯(일반)),1kg,1250,62
11/14 06:04:45,새송이(새송이버섯(일반)),1kg,2375,15
11/14 06:04:45,새송이(새송이버섯(일반)),1kg,2375,15
11/14 06:04:28,새송이(새송이버섯(일반)),1kg,2500,15
11/14 06:04:28,새송이(새송이버섯(일반)),1kg,2500,15
11/14 06:01:44,새송이(새송이버섯(일반)),1kg,1650,40
11/14 06:01:32,새송이(새송이버섯(일반)),1kg,1600,50
11/14 06:01:32,새송이(새송이버섯(일반)),1kg,1600,50
11/14 05:54:58,새송이(새송이버섯(일반)),1kg,1250,53
11/14 05:54:26,새송이(새송이버섯(일반)),1kg,5666,1
11/14 05:54:25,새송이(새송이버섯(일반)),1kg,5666,2
11/14 05:54:23,새송이(새송이버섯(일반)),1kg,5666,5
11/14 05:52:50,새송이(새송이버섯(일반)),1kg,3350,96
11/14 05:52:18,새송이(새송이버섯(일반)),1kg,1850,8
11/14 05:52:09,새송이(새송이버섯(일반)),1kg,3700,12
11/14 05:52:06,새송이(새송이버섯(일반)),1kg,3800,36
11/14 05:52:01,새송이(새송이버섯(일반)),1kg,3350,12
11/14 05:50:53,새송이(새송이버섯(일반)),1kg,3200,20
11/14 05:50:48,새송이(새송이버섯(일반)),1kg,3950,6
11/14 05:50:44,새송이(새송이버섯(일반)),1kg,4150,30
11/14 05:50:41,새송이(새송이버섯(일반)),1kg,3850,50
11/14 05:47:49,새송이(새송이버섯(일반)),1kg,1650,54
11/14 05:47:40,새송이(새송이버섯(일반)),1kg,1800,19
11/14 05:47:33,새송이(새송이버섯(일반)),1kg,3500,24
11/14 05:47:27,새송이(새송이버섯(일반)),1kg,252,400
11/14 05:46:31,새송이(새송이버섯(일반)),1kg,1550,56
11/14 05:46:23,새송이(새송이버섯(일반)),1kg,3000,90
11/14 05:45:17,새송이(새송이버섯(일반)),1kg,225,500
11/14 05:45:10,새송이(새송이버섯(일반)),1kg,1750,4
11/14 05:45:04,새송이(새송이버섯(일반)),1kg,1650,4
11/14 05:44:58,새송이(새송이버섯(일반)),1kg,2800,6
11/14 05:44:51,새송이(새송이버섯(일반)),1kg,3050,9
11/14 05:44:46,새송이(새송이버섯(일반)),1kg,3300,51
11/14 05:44:40,새송이(새송이버섯(일반)),1kg,3550,90
11/14 05:44:36,새송이(새송이버섯(일반)),1kg,3800,90
11/14 05:44:24,새송이(새송이버섯(일반)),1kg,1100,120
11/14 05:44:16,새송이(새송이버섯(일반)),1kg,650,36
11/14 05:44:08,새송이(새송이버섯(일반)),1kg,1300,13
11/14 05:44:01,새송이(새송이버섯(일반)),1kg,1650,12
11/14 05:43:54,새송이(새송이버섯(일반)),1kg,1650,90
11/14 05:43:41,새송이(새송이버섯(일반)),1kg,1850,78
11/14 05:43:31,새송이(새송이버섯(일반)),1kg,237,320
11/14 05:43:23,새송이(새송이버섯(일반)),1kg,267,400
11/14 05:43:18,새송이(새송이버섯(일반)),1kg,260,800
11/14 05:43:09,새송이(새송이버섯(일반)),1kg,1100,160
11/14 05:43:03,새송이(새송이버섯(일반)),1kg,1450,28
11/14 05:42:56,새송이(새송이버섯(일반)),1kg,3050,8
11/14 05:41:14,새송이(새송이버섯(일반)),1kg,2650,78
11/14 05:41:08,새송이(새송이버섯(일반)),1kg,2900,116
11/14 05:41:01,새송이(새송이버섯(일반)),1kg,3050,62
11/14 05:40:55,새송이(새송이버섯(일반)),1kg,3100,40
11/14 05:40:48,새송이(새송이버섯(일반)),1kg,2650,14
11/14 05:40:42,새송이(새송이버섯(일반)),1kg,2750,6
11/14 05:40:36,새송이(새송이버섯(일반)),1kg,2750,22
11/14 05:40:29,새송이(새송이버섯(일반)),1kg,2950,4
11/14 05:40:23,새송이(새송이버섯(일반)),1kg,3150,30
11/14 05:40:16,새송이(새송이버섯(일반)),1kg,2200,67
11/14 05:40:08,새송이(새송이버섯(일반)),1kg,2900,15
11/14 05:40:00,새송이(새송이버섯(일반)),1kg,3100,30
11/14 05:39:43,새송이(새송이버섯(일반)),1kg,700,64
11/14 05:32:56,새송이(새송이버섯(일반)),1kg,2450,120
11/14 05:32:56,새송이(새송이버섯(일반)),1kg,2900,120
11/14 05:31:43,새송이(새송이버섯(일반)),1kg,1800,40
11/14 05:31:39,새송이(새송이버섯(일반)),1kg,2125,5
11/14 05:31:34,새송이(새송이버섯(일반)),1kg,3500,40
11/14 05:31:30,새송이(새송이버섯(일반)),1kg,3300,40
11/14 05:31:25,새송이(새송이버섯(일반)),1kg,3375,5
11/14 05:31:19,새송이(새송이버섯(일반)),1kg,900,18
11/14 05:31:14,새송이(새송이버섯(일반)),1kg,1800,30
11/14 05:31:11,새송이(새송이버섯(일반)),1kg,2400,3
11/14 05:31:06,새송이(새송이버섯(일반)),1kg,2125,10
11/14 05:31:00,새송이(새송이버섯(일반)),1kg,2900,10
11/14 05:30:56,새송이(새송이버섯(일반)),1kg,3300,20
11/14 05:30:53,새송이(새송이버섯(일반)),1kg,3500,40
11/14 05:30:47,새송이(새송이버섯(일반)),1kg,3500,40
11/14 05:15:39,새송이(새송이버섯(일반)),1kg,1800,5
11/14 05:15:32,새송이(새송이버섯(일반)),1kg,2000,11
11/14 05:15:26,새송이(새송이버섯(일반)),1kg,2950,6
11/14 05:15:20,새송이(새송이버섯(일반)),1kg,3850,4
11/14 05:15:14,새송이(새송이버섯(일반)),1kg,3800,24
11/14 05:15:08,새송이(새송이버섯(일반)),1kg,3600,84
11/14 05:14:56,새송이(새송이버섯(일반)),1kg,1950,26
11/14 05:14:49,새송이(새송이버섯(일반)),1kg,3400,20
11/14 05:14:38,새송이(새송이버섯(일반)),1kg,3429,4
11/14 05:14:20,새송이(새송이버섯(일반)),1kg,1150,20
11/14 05:14:10,새송이(새송이버섯(일반)),1kg,1875,5
11/14 05:13:59,새송이(새송이버섯(일반)),1kg,2000,10
11/14 05:13:45,새송이(새송이버섯(일반)),1kg,2300,1
11/14 05:13:22,새송이(새송이버섯(일반)),1kg,2750,10
11/14 05:13:14,새송이(새송이버섯(일반)),1kg,1000,18
11/14 05:13:01,새송이(새송이버섯(일반)),1kg,1300,30
11/14 05:12:34,새송이(새송이버섯(일반)),1kg,2300,10
11/14 05:12:18,새송이(새송이버섯(일반)),1kg,2800,20
11/14 05:12:09,새송이(새송이버섯(일반)),1kg,3400,40
11/14 05:12:06,새송이(새송이버섯(일반)),1kg,3400,40
11/14 05:11:34,새송이(새송이버섯(일반)),1kg,3250,40
11/14 05:11:32,새송이(새송이버섯(일반)),1kg,3250,40
11/14 05:09:42,새송이(새송이버섯(일반)),1kg,4750,10
11/14 05:09:42,새송이(새송이버섯(일반)),1kg,4250,5
11/14 05:09:42,새송이(새송이버섯(일반)),1kg,2000,8
11/14 05:05:25,새송이(새송이버섯(일반)),1kg,5000,1
11/14 05:05:25,새송이(새송이버섯(일반)),1kg,3000,3
11/14 05:05:25,새송이(새송이버섯(일반)),1kg,5250,2
11/14 05:03:51,새송이(새송이버섯(일반)),1kg,2250,2
11/14 05:03:51,새송이(새송이버섯(일반)),1kg,2500,8
11/14 05:03:51,새송이(새송이버섯(일반)),1kg,1625,12
11/14 05:03:51,새송이(새송이버섯(일반)),1kg,2250,3
11/14 05:03:27,새송이(새송이버섯(일반)),1kg,3750,4
11/14 05:02:49,새송이(새송이버섯(일반)),1kg,2375,3
11/14 04:49:46,새송이(새송이버섯(일반)),1kg,225,400
11/14 04:49:46,새송이(새송이버섯(일반)),1kg,225,400
11/14 04:49:46,새송이(새송이버섯(일반)),1kg,225,400
11/14 04:49:46,새송이(새송이버섯(일반)),1kg,225,400
11/14 04:48:07,새송이(새송이버섯(일반)),1kg,225,400
11/14 04:48:07,새송이(새송이버섯(일반)),1kg,225,400
11/14 04:48:07,새송이(새송이버섯(일반)),1kg,225,400
11/14 04:48:07,새송이(새송이버섯(일반)),1kg,225,400
11/14 04:46:27,새송이(새송이버섯(일반)),1kg,225,400
11/14 04:46:27,새송이(새송이버섯(일반)),1kg,225,400
11/14 04:46:27,새송이(새송이버섯(일반)),1kg,225,400
11/14 04:46:27,새송이(새송이버섯(일반)),1kg,225,400
11/14 04:46:27,새송이(새송이버섯(일반)),1kg,225,400
11/14 04:46:27,새송이(새송이버섯(일반)),1kg,225,400
11/14 04:46:27,새송이(새송이버섯(일반)),1kg,225,400
11/14 04:46:27,새송이(새송이버섯(일반)),1kg,225,400
11/14 04:46:27,새송이(새송이버섯(일반)),1kg,225,400
11/14 04:46:27,새송이(새송이버섯(일반)),1kg,225,400
11/14 04:46:27,새송이(새송이버섯(일반)),1kg,1650,150
11/14 04:43:45,새송이(새송이버섯(일반)),1kg,350,76
11/14 04:43:40,새송이(새송이버섯(일반)),1kg,400,76
11/14 04:43:31,새송이(새송이버섯(일반)),1kg,1300,12
11/14 04:43:14,새송이(새송이버섯(일반)),1kg,1400,72
11/14 04:43:06,새송이(새송이버섯(일반)),1kg,1550,30
11/14 04:42:57,새송이(새송이버섯(일반)),1kg,2000,72
11/14 04:42:43,새송이(새송이버섯(일반)),1kg,2150,72
11/14 04:42:34,새송이(새송이버섯(일반)),1kg,2250,90
11/14 04:40:38,새송이(새송이버섯(일반)),1kg,250,100
11/14 04:40:32,새송이(새송이버섯(일반)),1kg,250,100
11/14 04:40:26,새송이(새송이버섯(일반)),1kg,300,100
11/14 04:40:16,새송이(새송이버섯(일반)),1kg,750,108
11/14 04:40:05,새송이(새송이버섯(일반)),1kg,220,800
11/14 04:39:56,새송이(새송이버섯(일반)),1kg,240,670
11/14 04:39:48,새송이(새송이버섯(일반)),1kg,235,800
11/14 04:39:43,새송이(새송이버섯(일반)),1kg,227,800
11/14 04:39:35,새송이(새송이버섯(일반)),1kg,1650,8
11/14 04:39:26,새송이(새송이버섯(일반)),1kg,2150,52
11/14 04:39:19,새송이(새송이버섯(일반)),1kg,3050,120
11/14 04:39:11,새송이(새송이버섯(일반)),1kg,3100,80
11/14 04:39:06,새송이(새송이버섯(일반)),1kg,3150,92
11/14 04:39:00,새송이(새송이버섯(일반)),1kg,3250,120
11/14 04:35:01,새송이(새송이버섯(일반)),1kg,700,64
11/14 04:34:48,새송이(새송이버섯(일반)),1kg,255,560
11/14 04:33:54,새송이(새송이버섯(일반)),1kg,1000,36
11/14 04:33:45,새송이(새송이버섯(일반)),1kg,1600,21
11/14 04:33:40,새송이(새송이버섯(일반)),1kg,25000,1
11/14 04:33:38,새송이(새송이버섯(일반)),1kg,2600,24
11/14 04:33:33,새송이(새송이버섯(일반)),1kg,2750,40
11/14 04:33:29,새송이(새송이버섯(일반)),1kg,2750,40
11/14 04:33:24,새송이(새송이버섯(일반)),1kg,2800,40
11/14 04:33:11,새송이(새송이버섯(일반)),1kg,2750,40
11/14 04:33:07,새송이(새송이버섯(일반)),1kg,2700,40
11/14 04:33:03,새송이(새송이버섯(일반)),1kg,2650,40
11/14 04:31:23,새송이(새송이버섯(일반)),1kg,750,19
11/14 04:31:10,새송이(새송이버섯(일반)),1kg,1600,24
11/14 04:29:33,새송이(새송이버섯(일반)),1kg,2300,20
11/14 04:29:33,새송이(새송이버섯(일반)),1kg,2700,84
11/14 04:29:32,새송이(새송이버섯(일반)),1kg,2450,30
11/14 04:29:06,새송이(새송이버섯(일반)),1kg,3400,3
11/14 04:29:00,새송이(새송이버섯(일반)),1kg,3850,48
11/14 04:28:56,새송이(새송이버섯(일반)),1kg,3800,48
11/14 04:28:51,새송이(새송이버섯(일반)),1kg,3750,45
11/14 04:28:47,새송이(새송이버섯(일반)),1kg,3650,45
11/14 04:28:40,새송이(새송이버섯(일반)),1kg,280,160
11/14 04:28:31,새송이(새송이버섯(일반)),1kg,287,160
11/14 04:26:31,새송이(새송이버섯(일반)),1kg,3050,33
11/14 04:26:27,새송이(새송이버섯(일반)),1kg,3150,9
11/14 04:26:22,새송이(새송이버섯(일반)),1kg,3450,36
11/14 04:26:17,새송이(새송이버섯(일반)),1kg,3600,138
11/14 04:21:15,새송이(새송이버섯(일반)),1kg,2950,18
11/14 04:21:00,새송이(새송이버섯(일반)),1kg,4000,30
11/14 04:17:18,새송이(새송이버섯(일반)),1kg,3250,20
11/14 04:16:24,새송이(새송이버섯(일반)),1kg,3695,10
11/14 04:11:51,새송이(새송이버섯(일반)),1kg,1300,24
11/14 04:11:47,새송이(새송이버섯(일반)),1kg,1500,36
11/14 04:11:32,새송이(새송이버섯(일반)),1kg,1800,36
11/14 04:11:27,새송이(새송이버섯(일반)),1kg,2242,5
11/14 04:11:26,새송이(새송이버섯(일반)),1kg,2400,30
11/14 04:11:20,새송이(새송이버섯(일반)),1kg,2800,30
11/14 04:11:14,새송이(새송이버섯(일반)),1kg,2800,30
11/14 04:11:08,새송이(새송이버섯(일반)),1kg,2550,4
11/14 04:11:00,새송이(새송이버섯(일반)),1kg,2750,14
11/14 04:10:54,새송이(새송이버섯(일반)),1kg,3050,24
11/14 04:10:48,새송이(새송이버섯(일반)),1kg,3100,10
11/14 04:10:42,새송이(새송이버섯(일반)),1kg,3700,20
11/14 04:10:35,새송이(새송이버섯(일반)),1kg,2600,40
11/14 04:10:28,새송이(새송이버섯(일반)),1kg,3600,20
11/14 04:10:22,새송이(새송이버섯(일반)),1kg,3350,40
11/14 04:10:16,새송이(새송이버섯(일반)),1kg,3350,40
11/14 04:10:10,새송이(새송이버섯(일반)),1kg,3650,40
11/14 04:10:06,새송이(새송이버섯(일반)),1kg,2000,30
11/14 04:10:05,새송이(새송이버섯(일반)),1kg,3600,40
11/14 04:10:00,새송이(새송이버섯(일반)),1kg,3550,40
11/14 04:09:51,새송이(새송이버섯(일반)),1kg,212,250
11/14 04:09:46,새송이(새송이버섯(일반)),1kg,207,300
11/14 04:09:39,새송이(새송이버섯(일반)),1kg,205,400
11/14 04:09:34,새송이(새송이버섯(일반)),1kg,205,400
11/14 04:09:29,새송이(새송이버섯(일반)),1kg,6330,2
11/14 04:09:29,새송이(새송이버섯(일반)),1kg,3695,8
11/14 04:09:11,새송이(새송이버섯(일반)),1kg,2750,48
11/14 04:09:05,새송이(새송이버섯(일반)),1kg,2750,52
11/14 04:08:58,새송이(새송이버섯(일반)),1kg,2850,52
11/14 04:08:52,새송이(새송이버섯(일반)),1kg,2850,52
11/14 04:08:47,새송이(새송이버섯(일반)),1kg,2800,52
11/14 04:08:38,새송이(새송이버섯(일반)),1kg,232,400
11/14 04:08:32,새송이(새송이버섯(일반)),1kg,232,400
11/14 04:08:26,새송이(새송이버섯(일반)),1kg,232,400
11/14 04:08:18,새송이(새송이버섯(일반)),1kg,237,400
11/14 04:07:53,새송이(새송이버섯(일반)),1kg,1300,24
11/14 04:07:46,새송이(새송이버섯(일반)),1kg,1400,33
11/14 04:07:38,새송이(새송이버섯(일반)),1kg,3000,37
11/14 04:07:32,새송이(새송이버섯(일반)),1kg,1100,57
11/14 04:07:32,새송이(새송이버섯(일반)),1kg,1100,57
11/14 04:07:32,새송이(새송이버섯(일반)),1kg,1100,57
11/14 04:07:31,새송이(새송이버섯(일반)),1kg,2150,12
11/14 04:07:23,새송이(새송이버섯(일반)),1kg,2250,21
11/14 04:07:15,새송이(새송이버섯(일반)),1kg,2600,24
11/14 04:07:07,새송이(새송이버섯(일반)),1kg,3400,12
11/14 04:06:59,새송이(새송이버섯(일반)),1kg,3150,36
11/14 04:06:54,새송이(새송이버섯(일반)),1kg,3100,36
11/14 04:06:46,새송이(새송이버섯(일반)),1kg,3150,9
11/14 04:06:39,새송이(새송이버섯(일반)),1kg,3650,30
11/14 03:59:01,새송이(새송이버섯(일반)),1kg,650,30
11/14 03:58:51,새송이(새송이버섯(일반)),1kg,650,30
11/14 03:58:48,새송이(새송이버섯(일반)),1kg,1300,30
11/14 03:58:44,새송이(새송이버섯(일반)),1kg,1300,30
11/14 03:58:38,새송이(새송이버섯(일반)),1kg,1300,40
11/14 03:58:35,새송이(새송이버섯(일반)),1kg,1750,27
11/14 03:58:27,새송이(새송이버섯(일반)),1kg,3300,18
11/14 03:58:22,새송이(새송이버섯(일반)),1kg,3400,60
11/14 03:58:21,새송이(새송이버섯(일반)),1kg,3600,60
11/14 03:58:18,새송이(새송이버섯(일반)),1kg,3600,60
11/14 03:58:15,새송이(새송이버섯(일반)),1kg,3750,60
11/14 03:58:09,새송이(새송이버섯(일반)),1kg,3750,60
11/14 03:58:03,새송이(새송이버섯(일반)),1kg,1150,50
11/14 03:57:56,새송이(새송이버섯(일반)),1kg,800,40
11/14 03:57:53,새송이(새송이버섯(일반)),1kg,1900,9
11/14 03:57:49,새송이(새송이버섯(일반)),1kg,600,44
11/14 03:57:07,새송이(새송이버섯(일반)),1kg,800,24
11/14 03:57:01,새송이(새송이버섯(일반)),1kg,1300,8
11/14 03:56:56,새송이(새송이버섯(일반)),1kg,650,43
11/14 03:56:56,새송이(새송이버섯(일반)),1kg,650,43
11/14 03:56:52,새송이(새송이버섯(일반)),1kg,650,43
11/14 03:56:52,새송이(새송이버섯(일반)),1kg,650,43
11/14 03:56:49,새송이(새송이버섯(일반)),1kg,650,43
11/14 03:56:49,새송이(새송이버섯(일반)),1kg,650,43
11/14 03:56:46,새송이(새송이버섯(일반)),1kg,650,42
11/14 03:56:46,새송이(새송이버섯(일반)),1kg,650,42
11/14 03:56:43,새송이(새송이버섯(일반)),1kg,650,42
11/14 03:56:43,새송이(새송이버섯(일반)),1kg,650,42
11/14 03:56:40,새송이(새송이버섯(일반)),1kg,600,24
11/14 03:56:40,새송이(새송이버섯(일반)),1kg,600,24
11/14 03:56:25,새송이(새송이버섯(일반)),1kg,1000,18
11/14 03:56:25,새송이(새송이버섯(일반)),1kg,1000,18
11/14 03:56:18,새송이(새송이버섯(일반)),1kg,1650,150
11/14 03:56:18,새송이(새송이버섯(일반)),1kg,1650,150
11/14 03:56:06,새송이(새송이버섯(일반)),1kg,1100,24
11/14 03:56:05,새송이(새송이버섯(일반)),1kg,2400,10
11/14 03:56:03,새송이(새송이버섯(일반)),1kg,2400,20
11/14 03:55:53,새송이(새송이버섯(일반)),1kg,2375,20
11/14 03:55:52,새송이(새송이버섯(일반)),1kg,1400,36
11/14 03:55:41,새송이(새송이버섯(일반)),1kg,3200,36
11/14 03:55:40,새송이(새송이버섯(일반)),1kg,2325,30
11/14 03:55:36,새송이(새송이버섯(일반)),1kg,3500,69
11/14 03:55:30,새송이(새송이버섯(일반)),1kg,3500,69
11/14 03:55:28,새송이(새송이버섯(일반)),1kg,2300,40
11/14 03:55:27,새송이(새송이버섯(일반)),1kg,3700,72
11/14 03:55:21,새송이(새송이버섯(일반)),1kg,3700,72
11/14 03:55:13,새송이(새송이버섯(일반)),1kg,2250,17
11/14 03:55:06,새송이(새송이버섯(일반)),1kg,2100,40
11/14 03:55:00,새송이(새송이버섯(일반)),1kg,1300,41
11/14 03:54:55,새송이(새송이버섯(일반)),1kg,3350,30
11/14 03:54:49,새송이(새송이버섯(일반)),1kg,3400,60
11/14 03:54:49,새송이(새송이버섯(일반)),1kg,2250,40
11/14 03:54:43,새송이(새송이버섯(일반)),1kg,3700,60
11/14 03:54:37,새송이(새송이버섯(일반)),1kg,3850,60
11/14 03:54:33,새송이(새송이버섯(일반)),1kg,3850,60
11/14 03:54:26,새송이(새송이버섯(일반)),1kg,3850,60
11/14 03:54:21,새송이(새송이버섯(일반)),1kg,2250,13
11/14 03:54:16,새송이(새송이버섯(일반)),1kg,2350,40
11/14 03:54:09,새송이(새송이버섯(일반)),1kg,1300,14
11/14 03:54:01,새송이(새송이버섯(일반)),1kg,3400,30
11/14 03:54:00,새송이(새송이버섯(일반)),1kg,3750,45
11/14 03:53:56,새송이(새송이버섯(일반)),1kg,3750,45
11/14 03:53:39,새송이(새송이버섯(일반)),1kg,3850,72
11/14 03:53:33,새송이(새송이버섯(일반)),1kg,4000,72
11/14 03:53:27,새송이(새송이버섯(일반)),1kg,2100,22
11/14 03:53:24,새송이(새송이버섯(일반)),1kg,1000,7
11/14 03:53:18,새송이(새송이버섯(일반)),1kg,1250,13
11/14 03:53:10,새송이(새송이버섯(일반)),1kg,1800,51
11/14 03:53:03,새송이(새송이버섯(일반)),1kg,3200,42
11/14 03:52:58,새송이(새송이버섯(일반)),1kg,1900,23
11/14 03:52:58,새송이(새송이버섯(일반)),1kg,1900,23
11/14 03:52:54,새송이(새송이버섯(일반)),1kg,1400,30
11/14 03:52:54,새송이(새송이버섯(일반)),1kg,1400,30
11/14 03:52:44,새송이(새송이버섯(일반)),1kg,1400,30
11/14 03:52:44,새송이(새송이버섯(일반)),1kg,1400,30
11/14 03:52:33,새송이(새송이버섯(일반)),1kg,1100,20
11/14 03:52:33,새송이(새송이버섯(일반)),1kg,1100,20
11/14 03:52:25,새송이(새송이버섯(일반)),1kg,3300,45
11/14 03:52:25,새송이(새송이버섯(일반)),1kg,3300,45
11/14 03:52:20,새송이(새송이버섯(일반)),1kg,3300,45
11/14 03:52:20,새송이(새송이버섯(일반)),1kg,3300,45
11/14 03:52:11,새송이(새송이버섯(일반)),1kg,3400,33
11/14 03:52:04,새송이(새송이버섯(일반)),1kg,3800,60
11/14 03:52:03,새송이(새송이버섯(일반)),1kg,3850,60
11/14 03:51:57,새송이(새송이버섯(일반)),1kg,3850,60
11/14 03:51:51,새송이(새송이버섯(일반)),1kg,3300,15
11/14 03:51:36,새송이(새송이버섯(일반)),1kg,3400,48
11/14 03:51:34,새송이(새송이버섯(일반)),1kg,3800,60
11/14 03:51:31,새송이(새송이버섯(일반)),1kg,3800,60
11/14 03:51:27,새송이(새송이버섯(일반)),1kg,1400,35
11/14 03:51:22,새송이(새송이버섯(일반)),1kg,3800,60
11/14 03:51:20,새송이(새송이버섯(일반)),1kg,1400,64
11/14 03:49:30,새송이(새송이버섯(일반)),1kg,2500,1
11/14 03:49:30,새송이(새송이버섯(일반)),1kg,2500,1
11/14 03:49:05,새송이(새송이버섯(일반)),1kg,5500,1
11/14 03:49:05,새송이(새송이버섯(일반)),1kg,3500,8
11/14 03:47:21,새송이(새송이버섯(일반)),1kg,2000,8
11/14 03:47:18,새송이(새송이버섯(일반)),1kg,2000,2
11/14 03:47:10,새송이(새송이버섯(일반)),1kg,2225,10
11/14 03:47:00,새송이(새송이버섯(일반)),1kg,2225,10
11/14 03:46:53,새송이(새송이버섯(일반)),1kg,2225,10
11/14 03:46:40,새송이(새송이버섯(일반)),1kg,2200,10
11/14 03:46:34,새송이(새송이버섯(일반)),1kg,2200,10
11/14 03:46:28,새송이(새송이버섯(일반)),1kg,2225,10
11/14 03:45:50,새송이(새송이버섯(일반)),1kg,650,32
11/14 03:45:47,새송이(새송이버섯(일반)),1kg,252,400
11/14 03:45:46,새송이(새송이버섯(일반)),1kg,252,400
11/14 03:45:44,새송이(새송이버섯(일반)),1kg,1250,48
11/14 03:45:43,새송이(새송이버섯(일반)),1kg,250,400
11/14 03:45:41,새송이(새송이버섯(일반)),1kg,1250,16
11/14 03:45:27,새송이(새송이버섯(일반)),1kg,1250,16
11/14 03:44:29,새송이(새송이버섯(일반)),1kg,2000,24
11/14 03:44:24,새송이(새송이버섯(일반)),1kg,2400,10
11/14 03:44:17,새송이(새송이버섯(일반)),1kg,2500,10
11/14 03:44:09,새송이(새송이버섯(일반)),1kg,2500,20
11/14 03:43:50,새송이(새송이버섯(일반)),1kg,3050,15
11/14 03:43:45,새송이(새송이버섯(일반)),1kg,3100,15
11/14 03:43:26,새송이(새송이버섯(일반)),1kg,3000,15
11/14 03:43:21,새송이(새송이버섯(일반)),1kg,3000,10
11/14 03:43:14,새송이(새송이버섯(일반)),1kg,3000,5
11/14 03:43:04,새송이(새송이버섯(일반)),1kg,3000,10
11/14 03:42:59,새송이(새송이버섯(일반)),1kg,900,42
11/14 03:42:53,새송이(새송이버섯(일반)),1kg,3000,40
11/14 03:42:52,새송이(새송이버섯(일반)),1kg,232,400
11/14 03:42:22,새송이(새송이버섯(일반)),1kg,3250,10
11/14 03:42:15,새송이(새송이버섯(일반)),1kg,3250,10
11/14 03:42:07,새송이(새송이버섯(일반)),1kg,3250,10
11/14 03:41:16,새송이(새송이버섯(일반)),1kg,232,400
11/14 03:41:13,새송이(새송이버섯(일반)),1kg,237,400
11/14 03:41:10,새송이(새송이버섯(일반)),1kg,237,400
11/14 03:41:00,새송이(새송이버섯(일반)),1kg,237,400
11/14 03:40:46,새송이(새송이버섯(일반)),1kg,3400,63
11/14 03:40:40,새송이(새송이버섯(일반)),1kg,3400,63
11/14 03:40:38,새송이(새송이버섯(일반)),1kg,3600,57
11/14 03:40:32,새송이(새송이버섯(일반)),1kg,3600,60
11/14 03:29:43,새송이(새송이버섯(일반)),1kg,2250,10
11/14 03:29:43,새송이(새송이버섯(일반)),1kg,2250,15
11/14 03:29:43,새송이(새송이버섯(일반)),1kg,2250,15
11/14 03:29:43,새송이(새송이버섯(일반)),1kg,2250,5
11/14 03:29:43,새송이(새송이버섯(일반)),1kg,2250,5
11/14 03:29:43,새송이(새송이버섯(일반)),1kg,2250,10
11/14 03:29:10,새송이(새송이버섯(일반)),1kg,4500,1
11/14 03:29:10,새송이(새송이버섯(일반)),1kg,2500,2
11/14 03:29:10,새송이(새송이버섯(일반)),1kg,2500,5
11/14 03:29:10,새송이(새송이버섯(일반)),1kg,5500,2
11/14 03:26:30,새송이(새송이버섯(일반)),1kg,3500,10
11/14 03:26:29,새송이(새송이버섯(일반)),1kg,2750,10
11/14 03:26:27,새송이(새송이버섯(일반)),1kg,3100,10
11/14 03:24:54,새송이(새송이버섯(일반)),1kg,300,50
11/14 03:24:50,새송이(새송이버섯(일반)),1kg,2500,15
11/14 03:24:46,새송이(새송이버섯(일반)),1kg,2500,15
11/14 03:23:03,새송이(새송이버섯(일반)),1kg,2120,10
11/14 03:22:15,새송이(새송이버섯(일반)),1kg,2500,6
11/14 03:22:09,새송이(새송이버섯(일반)),1kg,2900,41
11/14 03:21:45,새송이(새송이버섯(일반)),1kg,3150,20
11/14 03:21:43,새송이(새송이버섯(일반)),1kg,3150,20
11/14 03:21:26,새송이(새송이버섯(일반)),1kg,3250,20
11/14 03:21:03,새송이(새송이버섯(일반)),1kg,3100,25
11/14 03:21:01,새송이(새송이버섯(일반)),1kg,3050,25
11/14 03:20:53,새송이(새송이버섯(일반)),1kg,3300,20
11/14 03:20:45,새송이(새송이버섯(일반)),1kg,3350,20
11/14 03:20:41,새송이(새송이버섯(일반)),1kg,3400,20
11/14 03:20:36,새송이(새송이버섯(일반)),1kg,3400,22
11/14 03:20:35,새송이(새송이버섯(일반)),1kg,2300,49
11/14 03:20:30,새송이(새송이버섯(일반)),1kg,3100,90
11/14 03:20:27,새송이(새송이버섯(일반)),1kg,3100,60
11/14 03:20:24,새송이(새송이버섯(일반)),1kg,3200,90
11/14 03:20:21,새송이(새송이버섯(일반)),1kg,3200,60
11/14 03:20:15,새송이(새송이버섯(일반)),1kg,3550,90
11/14 03:20:14,새송이(새송이버섯(일반)),1kg,3500,60
11/14 03:20:12,새송이(새송이버섯(일반)),1kg,3500,60
11/14 03:20:08,새송이(새송이버섯(일반)),1kg,3650,90
11/14 03:20:05,새송이(새송이버섯(일반)),1kg,3700,60
11/14 03:20:03,새송이(새송이버섯(일반)),1kg,3650,60
11/14 03:19:56,새송이(새송이버섯(일반)),1kg,2300,92
11/14 03:19:53,새송이(새송이버섯(일반)),1kg,2350,90
11/14 03:19:49,새송이(새송이버섯(일반)),1kg,232,400
11/14 03:19:46,새송이(새송이버섯(일반)),1kg,232,400
11/14 03:19:35,새송이(새송이버섯(일반)),1kg,240,400
11/14 03:19:12,새송이(새송이버섯(일반)),1kg,600,51
11/14 03:19:07,새송이(새송이버섯(일반)),1kg,1800,7
11/14 03:19:02,새송이(새송이버섯(일반)),1kg,3200,27
11/14 03:18:58,새송이(새송이버섯(일반)),1kg,3250,54
11/14 03:18:56,새송이(새송이버섯(일반)),1kg,3250,60
11/14 03:18:54,새송이(새송이버섯(일반)),1kg,3250,60
11/14 03:18:53,새송이(새송이버섯(일반)),1kg,3200,60
11/14 03:18:51,새송이(새송이버섯(일반)),1kg,3200,60
11/14 03:18:45,새송이(새송이버섯(일반)),1kg,1250,30
11/14 03:18:41,새송이(새송이버섯(일반)),1kg,1500,30
11/14 03:18:37,새송이(새송이버섯(일반)),1kg,1300,20
11/14 03:18:30,새송이(새송이버섯(일반)),1kg,1850,20
11/14 03:18:25,새송이(새송이버섯(일반)),1kg,3300,12
11/14 03:18:21,새송이(새송이버섯(일반)),1kg,3350,60
11/14 03:18:16,새송이(새송이버섯(일반)),1kg,3400,60
11/14 03:18:12,새송이(새송이버섯(일반)),1kg,3500,60
11/14 03:18:09,새송이(새송이버섯(일반)),1kg,3400,60
11/14 03:17:58,새송이(새송이버섯(일반)),1kg,1000,32
11/14 03:17:54,새송이(새송이버섯(일반)),1kg,1600,30
11/14 03:17:48,새송이(새송이버섯(일반)),1kg,3250,30
11/14 03:17:45,새송이(새송이버섯(일반)),1kg,3350,45
11/14 03:17:40,새송이(새송이버섯(일반)),1kg,3500,45
11/14 03:17:38,새송이(새송이버섯(일반)),1kg,3500,60
11/14 03:17:36,새송이(새송이버섯(일반)),1kg,3500,60
11/14 03:17:29,새송이(새송이버섯(일반)),1kg,1650,57
11/14 03:17:25,새송이(새송이버섯(일반)),1kg,1750,24
11/14 03:17:20,새송이(새송이버섯(일반)),1kg,3350,54
11/14 03:17:16,새송이(새송이버섯(일반)),1kg,3300,60
11/14 03:17:09,새송이(새송이버섯(일반)),1kg,3600,40
11/14 03:17:05,새송이(새송이버섯(일반)),1kg,3500,40
11/14 03:16:59,새송이(새송이버섯(일반)),1kg,3650,80
11/14 03:16:45,새송이(새송이버섯(일반)),1kg,1500,40
11/14 03:16:41,새송이(새송이버섯(일반)),1kg,2000,20
11/14 03:16:37,새송이(새송이버섯(일반)),1kg,3500,60
11/14 03:16:33,새송이(새송이버섯(일반)),1kg,3600,90
11/14 03:16:27,새송이(새송이버섯(일반)),1kg,3800,60
11/14 03:16:25,새송이(새송이버섯(일반)),1kg,3750,60
11/14 03:16:16,새송이(새송이버섯(일반)),1kg,2000,12
11/14 03:16:05,새송이(새송이버섯(일반)),1kg,3250,75
11/14 03:16:00,새송이(새송이버섯(일반)),1kg,3350,39
11/14 03:15:58,새송이(새송이버섯(일반)),1kg,3300,60
11/14 03:15:54,새송이(새송이버섯(일반)),1kg,3400,60
11/14 03:15:48,새송이(새송이버섯(일반)),1kg,3500,60
11/14 03:15:41,새송이(새송이버섯(일반)),1kg,240,360
11/14 03:15:39,새송이(새송이버섯(일반)),1kg,240,360
11/14 03:15:36,새송이(새송이버섯(일반)),1kg,245,360
11/14 03:15:34,새송이(새송이버섯(일반)),1kg,245,360
11/14 03:15:24,새송이(새송이버섯(일반)),1kg,1500,23
11/14 03:15:19,새송이(새송이버섯(일반)),1kg,240,240
11/14 03:15:16,새송이(새송이버섯(일반)),1kg,240,360
11/14 03:15:14,새송이(새송이버섯(일반)),1kg,240,360
11/14 03:15:13,새송이(새송이버섯(일반)),1kg,240,360
11/14 03:15:11,새송이(새송이버섯(일반)),1kg,240,360
11/14 03:15:09,새송이(새송이버섯(일반)),1kg,240,360
11/14 03:15:06,새송이(새송이버섯(일반)),1kg,245,360
11/14 03:14:56,새송이(새송이버섯(일반)),1kg,1600,56
11/14 03:14:52,새송이(새송이버섯(일반)),1kg,2300,40
11/14 03:14:48,새송이(새송이버섯(일반)),1kg,1300,3
11/14 03:14:43,새송이(새송이버섯(일반)),1kg,2100,3
11/14 03:14:36,새송이(새송이버섯(일반)),1kg,250,300
11/14 03:14:34,새송이(새송이버섯(일반)),1kg,250,360
11/14 03:14:31,새송이(새송이버섯(일반)),1kg,245,360
11/14 03:14:28,새송이(새송이버섯(일반)),1kg,245,360
11/14 03:14:20,새송이(새송이버섯(일반)),1kg,1100,9
11/14 03:14:09,새송이(새송이버섯(일반)),1kg,3600,30
11/14 03:14:05,새송이(새송이버섯(일반)),1kg,3600,60
11/14 03:13:55,새송이(새송이버섯(일반)),1kg,3600,60
11/14 03:13:48,새송이(새송이버섯(일반)),1kg,3600,60
11/14 03:11:37,새송이(새송이버섯(일반)),1kg,1750,72
11/14 03:11:31,새송이(새송이버섯(일반)),1kg,1000,40
11/14 03:11:26,새송이(새송이버섯(일반)),1kg,1750,108
11/14 03:10:56,새송이(새송이버섯(일반)),1kg,2500,50
11/14 03:10:56,새송이(새송이버섯(일반)),1kg,2000,20
11/14 03:10:56,새송이(새송이버섯(일반)),1kg,3400,20
11/14 03:10:56,새송이(새송이버섯(일반)),1kg,3400,30
11/14 03:10:56,새송이(새송이버섯(일반)),1kg,3400,20
11/14 03:10:39,새송이(새송이버섯(일반)),1kg,500,24
11/14 03:10:34,새송이(새송이버섯(일반)),1kg,1250,40
11/14 03:10:31,새송이(새송이버섯(일반)),1kg,1150,8
11/14 03:10:30,새송이(새송이버섯(일반)),1kg,1100,8
11/14 03:10:28,새송이(새송이버섯(일반)),1kg,1900,24
11/14 03:10:27,새송이(새송이버섯(일반)),1kg,1100,8
11/14 03:10:23,새송이(새송이버섯(일반)),1kg,2500,40
11/14 03:10:19,새송이(새송이버섯(일반)),1kg,1100,8
11/14 03:10:19,새송이(새송이버섯(일반)),1kg,3500,50
11/14 03:10:15,새송이(새송이버섯(일반)),1kg,2750,50
11/14 03:10:07,새송이(새송이버섯(일반)),1kg,3100,50
11/14 03:10:00,새송이(새송이버섯(일반)),1kg,2600,20
11/14 03:09:51,새송이(새송이버섯(일반)),1kg,2400,30
11/14 03:09:46,새송이(새송이버섯(일반)),1kg,2250,11
11/14 03:09:44,새송이(새송이버섯(일반)),1kg,2250,1
11/14 03:03:18,새송이(새송이버섯(일반)),1kg,3050,30
11/14 03:02:09,새송이(새송이버섯(일반)),1kg,2625,16
11/14 03:02:06,새송이(새송이버섯(일반)),1kg,2625,17
11/14 03:01:59,새송이(새송이버섯(일반)),1kg,3750,35
11/14 03:01:53,새송이(새송이버섯(일반)),1kg,3100,30
11/14 03:01:33,새송이(새송이버섯(일반)),1kg,1250,60
11/14 02:55:51,새송이(새송이버섯(일반)),1kg,1150,29
11/14 02:55:21,새송이(새송이버섯(일반)),1kg,3150,30
11/14 02:55:09,새송이(새송이버섯(일반)),1kg,2625,17
11/14 02:55:00,새송이(새송이버섯(일반)),1kg,3750,30
11/14 02:54:53,새송이(새송이버섯(일반)),1kg,3750,35
11/14 02:54:34,새송이(새송이버섯(일반)),1kg,3100,30
11/14 02:54:28,새송이(새송이버섯(일반)),1kg,2900,30
11/14 02:54:22,새송이(새송이버섯(일반)),1kg,3100,9
11/14 02:52:54,새송이(새송이버섯(일반)),1kg,1250,60
11/14 02:51:07,새송이(새송이버섯(일반)),1kg,275,300
11/14 02:51:05,새송이(새송이버섯(일반)),1kg,275,300
11/14 02:50:59,새송이(기타),1kg,2275,3
11/14 02:50:59,새송이(새송이버섯(일반)),1kg,3900,30
11/14 02:50:59,새송이(새송이버섯(일반)),1kg,4000,29
11/14 02:50:59,새송이(새송이버섯(일반)),1kg,3025,12
11/14 02:50:11,새송이(새송이버섯(일반)),1kg,1750,162
11/14 02:50:07,새송이(새송이버섯(일반)),1kg,3000,72
11/14 02:49:21,새송이(새송이버섯(일반)),1kg,650,5
11/14 02:49:17,새송이(새송이버섯(일반)),1kg,662,5
11/14 02:49:11,새송이(새송이버섯(일반)),1kg,650,5
11/14 02:49:06,새송이(새송이버섯(일반)),1kg,625,5
11/14 02:49:04,새송이(새송이버섯(일반)),1kg,625,5
11/14 02:49:02,새송이(새송이버섯(일반)),1kg,625,5
11/14 02:49:00,새송이(새송이버섯(일반)),1kg,625,5
11/14 02:48:40,새송이(새송이버섯(일반)),1kg,625,5
11/14 02:48:27,새송이(새송이버섯(일반)),1kg,1300,7
11/14 02:48:20,새송이(새송이버섯(일반)),1kg,2500,6
11/14 02:48:17,새송이(새송이버섯(일반)),1kg,2500,10
11/14 02:48:13,새송이(새송이버섯(일반)),1kg,2500,10
11/14 02:48:01,새송이(새송이버섯(일반)),1kg,2475,10
11/14 02:47:55,새송이(새송이버섯(일반)),1kg,2500,10
11/14 02:47:51,새송이(새송이버섯(일반)),1kg,2450,10
11/14 02:47:48,새송이(새송이버섯(일반)),1kg,2475,10
11/14 02:47:44,새송이(새송이버섯(일반)),1kg,2450,10
11/14 02:47:42,새송이(새송이버섯(일반)),1kg,2450,10
11/14 02:47:38,새송이(새송이버섯(일반)),1kg,2450,10
11/14 02:47:34,새송이(새송이버섯(일반)),1kg,2450,10
11/14 02:47:32,새송이(새송이버섯(일반)),1kg,2450,10
11/14 02:47:28,새송이(새송이버섯(일반)),1kg,2425,10
11/14 02:47:25,새송이(새송이버섯(일반)),1kg,2400,10
11/14 02:47:22,새송이(새송이버섯(일반)),1kg,2400,10
11/14 02:45:45,새송이(새송이버섯(일반)),1kg,2900,10
11/14 02:45:44,새송이(새송이버섯(일반)),1kg,2900,10
11/14 02:45:40,새송이(새송이버섯(일반)),1kg,2900,10
11/14 02:45:34,새송이(새송이버섯(일반)),1kg,2950,10
11/14 02:45:31,새송이(새송이버섯(일반)),1kg,2900,10
11/14 02:45:30,새송이(새송이버섯(일반)),1kg,2900,10
11/14 02:44:52,새송이(새송이버섯(일반)),1kg,2900,10
11/14 02:44:20,새송이(새송이버섯(일반)),1kg,3150,10
11/14 02:44:17,새송이(새송이버섯(일반)),1kg,3150,10
11/14 02:44:14,새송이(새송이버섯(일반)),1kg,3150,10
11/14 02:44:12,새송이(새송이버섯(일반)),1kg,3150,10
11/14 02:44:07,새송이(새송이버섯(일반)),1kg,3150,10
11/14 02:44:04,새송이(새송이버섯(일반)),1kg,3200,12
11/14 02:43:52,새송이(새송이버섯(일반)),1kg,250,100
11/14 02:43:44,새송이(새송이버섯(일반)),1kg,3350,10
11/14 02:43:38,새송이(새송이버섯(일반)),1kg,3250,12
11/14 02:43:37,새송이(새송이버섯(일반)),1kg,3350,15
11/14 02:43:37,새송이(새송이버섯(일반)),1kg,3350,15
11/14 02:43:30,새송이(새송이버섯(일반)),1kg,1500,12
11/14 02:43:24,새송이(새송이버섯(일반)),1kg,1400,10
11/14 02:43:21,새송이(새송이버섯(일반)),1kg,3350,40
11/14 02:43:18,새송이(새송이버섯(일반)),1kg,242,400
11/14 02:43:14,새송이(새송이버섯(일반)),1kg,240,400
11/14 02:43:06,새송이(새송이버섯(일반)),1kg,237,400
11/14 02:42:57,새송이(새송이버섯(일반)),1kg,500,64
11/14 02:42:39,새송이(새송이버섯(일반)),1kg,500,64
11/14 02:41:37,새송이(새송이버섯(일반)),1kg,350,20
11/14 02:41:15,새송이(새송이버섯(일반)),1kg,3000,9
11/14 02:41:13,새송이(새송이버섯(일반)),1kg,3300,81
11/14 02:41:09,새송이(새송이버섯(일반)),1kg,3600,219
11/14 02:40:13,새송이(새송이버섯(일반)),1kg,2100,20
11/14 02:40:10,새송이(새송이버섯(일반)),1kg,2550,15
11/14 02:40:07,새송이(새송이버섯(일반)),1kg,2550,15
11/14 02:40:03,새송이(새송이버섯(일반)),1kg,2850,16
11/14 02:40:01,새송이(새송이버섯(일반)),1kg,2850,17
11/14 02:39:58,새송이(새송이버섯(일반)),1kg,2850,17
11/14 02:39:25,새송이(새송이버섯(일반)),1kg,2200,39
11/14 02:39:22,새송이(새송이버섯(일반)),1kg,2350,10
11/14 02:39:12,새송이(새송이버섯(일반)),1kg,1900,15
11/14 02:39:09,새송이(새송이버섯(일반)),1kg,2750,55
11/14 02:39:06,새송이(새송이버섯(일반)),1kg,2000,10
11/14 02:38:33,새송이(새송이버섯(일반)),1kg,3800,21
11/14 02:38:29,새송이(새송이버섯(일반)),1kg,3850,45
11/14 02:38:26,새송이(새송이버섯(일반)),1kg,3900,42
11/14 02:38:15,새송이(새송이버섯(일반)),1kg,3900,63
11/14 02:38:12,새송이(새송이버섯(일반)),1kg,3850,63
11/14 02:38:09,새송이(새송이버섯(일반)),1kg,1500,76
11/14 02:37:57,새송이(새송이버섯(일반)),1kg,750,3
11/14 02:37:54,새송이(새송이버섯(일반)),1kg,750,15
11/14 02:37:51,새송이(새송이버섯(일반)),1kg,230,400
11/14 02:37:48,새송이(새송이버섯(일반)),1kg,227,400
11/14 02:37:45,새송이(새송이버섯(일반)),1kg,225,400
11/14 02:37:42,새송이(새송이버섯(일반)),1kg,225,400
11/14 02:37:40,새송이(새송이버섯(일반)),1kg,225,400
11/14 02:37:28,새송이(새송이버섯(일반)),1kg,220,400
11/14 02:37:21,새송이(새송이버섯(일반)),1kg,3500,15
11/14 02:37:19,새송이(새송이버섯(일반)),1kg,3600,36
11/14 02:37:09,새송이(새송이버섯(일반)),1kg,3700,45
11/14 02:36:59,새송이(새송이버섯(일반)),1kg,3750,54
11/14 02:29:58,새송이(새송이버섯(일반)),1kg,600,54
11/14 02:29:54,새송이(새송이버섯(일반)),1kg,550,52
11/14 02:29:51,새송이(새송이버섯(일반)),1kg,550,50
11/14 02:29:46,새송이(새송이버섯(일반)),1kg,600,50
11/14 02:29:42,새송이(새송이버섯(일반)),1kg,650,62
11/14 02:29:39,새송이(새송이버섯(일반)),1kg,650,62
11/14 02:29:25,새송이(새송이버섯(일반)),1kg,650,62
11/14 02:29:17,새송이(새송이버섯(일반)),1kg,230,440
11/14 02:29:09,새송이(새송이버섯(일반)),1kg,225,360
11/14 02:29:00,새송이(새송이버섯(일반)),1kg,350,15
11/14 02:28:49,새송이(새송이버섯(일반)),1kg,1050,4
11/14 02:28:45,새송이(새송이버섯(일반)),1kg,2750,30
11/14 02:28:37,새송이(새송이버섯(일반)),1kg,2900,39
11/14 02:28:33,새송이(새송이버섯(일반)),1kg,3050,45
11/14 02:28:26,새송이(새송이버섯(일반)),1kg,3400,45
11/14 02:28:19,새송이(새송이버섯(일반)),1kg,3800,6
11/14 02:28:11,새송이(새송이버섯(일반)),1kg,1400,72
11/14 02:28:03,새송이(새송이버섯(일반)),1kg,1050,12
11/14 02:27:56,새송이(새송이버섯(일반)),1kg,3050,24
11/14 02:27:49,새송이(새송이버섯(일반)),1kg,3200,42
11/14 02:27:45,새송이(새송이버섯(일반)),1kg,3450,42
11/14 02:27:36,새송이(새송이버섯(일반)),1kg,3400,45
11/14 02:27:29,새송이(새송이버섯(일반)),1kg,3750,54
11/14 02:27:07,새송이(새송이버섯(일반)),1kg,1750,40
11/14 02:27:07,새송이(새송이버섯(일반)),1kg,1750,20
11/14 02:26:22,새송이(새송이버섯(일반)),1kg,3350,40
11/14 02:25:54,새송이(새송이버섯(일반)),1kg,3350,40
11/14 02:19:46,새송이(새송이버섯(일반)),1kg,1995,90
11/14 02:09:32,새송이(새송이버섯(일반)),1kg,200,400
11/14 02:09:32,새송이(새송이버섯(일반)),1kg,3250,8
11/14 02:09:32,새송이(새송이버섯(일반)),1kg,200,400
11/14 01:46:55,새송이(새송이버섯(일반)),1kg,5400,3
11/14 01:46:43,새송이(새송이버섯(일반)),1kg,3200,10
11/14 01:46:41,새송이(새송이버섯(일반)),1kg,2100,2
11/14 01:46:29,새송이(새송이버섯(일반)),1kg,2100,3
11/14 01:46:24,새송이(새송이버섯(일반)),1kg,1600,20
11/14 01:41:28,새송이(새송이버섯(일반)),1kg,1350,6
11/14 01:41:21,새송이(새송이버섯(일반)),1kg,1650,18
11/14 01:41:16,새송이(새송이버섯(일반)),1kg,2100,120
11/14 01:41:05,새송이(새송이버섯(일반)),1kg,2000,4
11/14 01:40:55,새송이(새송이버섯(일반)),1kg,2500,5
11/14 01:40:49,새송이(새송이버섯(일반)),1kg,2950,50
11/14 01:40:28,새송이(새송이버섯(일반)),1kg,3000,120
11/14 01:40:24,새송이(새송이버섯(일반)),1kg,3050,120
11/14 01:40:15,새송이(새송이버섯(일반)),1kg,600,24
11/14 01:40:10,새송이(새송이버섯(일반)),1kg,1150,72
11/14 01:40:04,새송이(새송이버섯(일반)),1kg,1600,36
11/14 01:39:58,새송이(새송이버섯(일반)),1kg,2050,36
11/14 01:39:50,새송이(새송이버섯(일반)),1kg,2650,15
11/14 01:39:45,새송이(새송이버섯(일반)),1kg,3050,102
11/14 01:39:41,새송이(새송이버섯(일반)),1kg,3000,102
11/14 01:39:37,새송이(새송이버섯(일반)),1kg,3000,105
11/14 01:39:21,새송이(새송이버섯(일반)),1kg,2875,20
11/14 01:39:14,새송이(새송이버섯(일반)),1kg,1600,90
11/14 01:39:07,새송이(새송이버섯(일반)),1kg,2600,102
11/14 01:39:00,새송이(새송이버섯(일반)),1kg,2700,99
11/14 01:38:56,새송이(새송이버섯(일반)),1kg,2700,99
11/14 01:38:48,새송이(새송이버섯(일반)),1kg,3000,96
11/14 01:38:44,새송이(새송이버섯(일반)),1kg,3050,96
11/14 01:38:37,새송이(새송이버섯(일반)),1kg,1700,100
11/14 01:38:32,새송이(새송이버섯(일반)),1kg,2750,120
11/14 01:38:15,새송이(새송이버섯(일반)),1kg,2650,15
11/14 01:38:09,새송이(새송이버섯(일반)),1kg,3400,63
11/14 01:38:04,새송이(새송이버섯(일반)),1kg,3850,111
11/14 01:37:58,새송이(새송이버섯(일반)),1kg,1100,38
11/14 01:37:54,새송이(새송이버섯(일반)),1kg,2700,131
11/14 01:37:09,새송이(새송이버섯(일반)),1kg,1150,87
11/14 01:37:02,새송이(새송이버섯(일반)),1kg,2550,21
11/14 01:36:57,새송이(새송이버섯(일반)),1kg,3100,51
11/14 01:36:51,새송이(새송이버섯(일반)),1kg,1550,120
11/14 01:36:00,새송이(새송이버섯(일반)),1kg,2850,117
11/14 01:35:56,새송이(새송이버섯(일반)),1kg,2800,117
11/14 01:35:48,새송이(새송이버섯(일반)),1kg,500,1
11/14 01:35:43,새송이(새송이버섯(일반)),1kg,1550,27
11/14 01:35:36,새송이(새송이버섯(일반)),1kg,2000,22
11/14 01:35:28,새송이(새송이버섯(일반)),1kg,2300,50
11/14 01:35:24,새송이(새송이버섯(일반)),1kg,2275,50
11/14 01:35:19,새송이(새송이버섯(일반)),1kg,2250,50
11/14 01:35:16,새송이(새송이버섯(일반)),1kg,2250,50
11/14 01:31:21,새송이(새송이버섯(일반)),1kg,2250,10
11/14 01:31:18,새송이(새송이버섯(일반)),1kg,2250,30
11/14 01:31:10,새송이(새송이버섯(일반)),1kg,2250,25
11/14 01:20:56,새송이(새송이버섯(일반)),1kg,11130,1
11/14 01:19:26,새송이(새송이버섯(일반)),1kg,2450,40
11/14 01:19:16,새송이(새송이버섯(일반)),1kg,2400,40
11/14 01:19:16,새송이(새송이버섯(일반)),1kg,2300,40
11/14 01:19:16,새송이(새송이버섯(일반)),1kg,2400,40
11/14 01:18:56,새송이(새송이버섯(일반)),1kg,3000,84
11/14 01:18:46,새송이(새송이버섯(일반)),1kg,2900,84
11/14 01:07:50,새송이(새송이버섯(일반)),1kg,4250,10
11/14 01:07:49,새송이(새송이버섯(일반)),1kg,4000,5
11/14 01:03:56,새송이(새송이버섯(일반)),1kg,4747,10
11/14 01:03:26,새송이(새송이버섯(일반)),1kg,2110,8
11/13 11:59:56,새송이(새송이버섯(일반)),1kg,205,360
11/13 11:59:49,새송이(새송이버섯(일반)),1kg,205,360
11/13 11:46:28,새송이(새송이버섯(일반)),1kg,3750,40
11/13 11:40:50,새송이(새송이버섯(일반)),1kg,3250,50
11/13 11:40:47,새송이(새송이버섯(일반)),1kg,3250,50
11/13 11:40:43,새송이(새송이버섯(일반)),1kg,3250,47
11/13 11:40:40,새송이(새송이버섯(일반)),1kg,3250,47
11/13 11:40:31,새송이(새송이버섯(일반)),1kg,3500,48
11/13 11:40:27,새송이(새송이버섯(일반)),1kg,3750,40
11/13 11:40:25,새송이(새송이버섯(일반)),1kg,3750,40
11/13 11:40:16,새송이(새송이버섯(일반)),1kg,4000,40
11/13 11:32:38,새송이(새송이버섯(일반)),1kg,4250,35
11/13 11:32:32,새송이(새송이버섯(일반)),1kg,4250,35
11/13 11:08:14,새송이(새송이버섯(일반)),1kg,1250,96
11/13 11:08:11,새송이(새송이버섯(일반)),1kg,1250,96
11/13 11:08:05,새송이(새송이버섯(일반)),1kg,1200,63
11/13 11:08:01,새송이(새송이버섯(일반)),1kg,1200,63
11/13 11:07:58,새송이(새송이버섯(일반)),1kg,1200,66
11/13 11:07:46,새송이(새송이버섯(일반)),1kg,3250,63
11/13 11:07:37,새송이(새송이버섯(일반)),1kg,3250,63
11/13 11:07:30,새송이(새송이버섯(일반)),1kg,3250,63
11/13 11:07:27,새송이(새송이버섯(일반)),1kg,3250,63
11/13 11:07:24,새송이(새송이버섯(일반)),1kg,3250,63
11/13 11:07:20,새송이(새송이버섯(일반)),1kg,3250,63
11/13 10:51:40,새송이(새송이버섯(일반)),1kg,1500,32
11/13 10:51:37,새송이(새송이버섯(일반)),1kg,4000,2
11/13 10:51:31,새송이(새송이버섯(일반)),1kg,3500,48
11/13 10:51:26,새송이(새송이버섯(일반)),1kg,3750,48
11/13 10:51:25,새송이(새송이버섯(일반)),1kg,2125,15
11/13 10:51:25,새송이(새송이버섯(일반)),1kg,2125,5
11/13 10:51:25,새송이(새송이버섯(일반)),1kg,2000,2
11/13 10:51:25,새송이(새송이버섯(일반)),1kg,2125,20
11/13 10:51:25,새송이(새송이버섯(일반)),1kg,2125,10
11/13 10:51:25,새송이(새송이버섯(일반)),1kg,2125,5
11/13 10:51:25,새송이(새송이버섯(일반)),1kg,2125,10
11/13 10:51:25,새송이(새송이버섯(일반)),1kg,2125,50
11/13 10:51:25,새송이(새송이버섯(일반)),1kg,2125,20
11/13 10:51:25,새송이(새송이버섯(일반)),1kg,2000,80
11/13 10:51:25,새송이(새송이버섯(일반)),1kg,2000,5
11/13 10:51:25,새송이(새송이버섯(일반)),1kg,2000,5
11/13 10:51:25,새송이(새송이버섯(일반)),1kg,2000,2
11/13 10:51:25,새송이(새송이버섯(일반)),1kg,2125,10
11/13 10:51:25,새송이(새송이버섯(일반)),1kg,2125,5
11/13 10:51:25,새송이(새송이버섯(일반)),1kg,2125,10
11/13 10:51:21,새송이(새송이버섯(일반)),1kg,3500,36
11/13 10:51:17,새송이(새송이버섯(일반)),1kg,3500,36
11/13 10:43:41,새송이(새송이버섯(일반)),1kg,2750,5
11/13 10:43:41,새송이(새송이버섯(일반)),1kg,2750,5
11/13 10:42:19,새송이(새송이버섯(일반)),1kg,3250,28
11/13 10:42:19,새송이(새송이버섯(일반)),1kg,3250,30
11/13 10:40:02,새송이(새송이버섯(일반)),1kg,3250,60
11/13 10:32:44,새송이(새송이버섯(일반)),1kg,1250,54
11/13 10:32:39,새송이(새송이버섯(일반)),1kg,1000,64
11/13 10:32:37,새송이(새송이버섯(일반)),1kg,1250,64
11/13 10:32:32,새송이(새송이버섯(일반)),1kg,2500,189
11/13 10:32:31,새송이(새송이버섯(일반)),1kg,2500,189
11/13 10:32:29,새송이(새송이버섯(일반)),1kg,2500,189
11/13 10:32:05,새송이(새송이버섯(일반)),1kg,2500,189
11/13 10:31:49,새송이(새송이버섯(일반)),1kg,1750,88
11/13 10:31:32,새송이(새송이버섯(일반)),1kg,2500,20
11/13 10:31:29,새송이(새송이버섯(일반)),1kg,2500,20
11/13 10:31:25,새송이(새송이버섯(일반)),1kg,3000,30
11/13 10:31:22,새송이(새송이버섯(일반)),1kg,3000,30
11/13 10:31:17,새송이(새송이버섯(일반)),1kg,1750,12
11/13 10:31:13,새송이(새송이버섯(일반)),1kg,2250,25
11/13 10:31:09,새송이(새송이버섯(일반)),1kg,2750,30
11/13 10:31:06,새송이(새송이버섯(일반)),1kg,2750,30
11/13 10:31:03,새송이(새송이버섯(일반)),1kg,2750,30
11/13 10:31:00,새송이(새송이버섯(일반)),1kg,2750,30
11/13 10:30:56,새송이(새송이버섯(일반)),1kg,2750,30
11/13 10:30:53,새송이(새송이버섯(일반)),1kg,2750,30
11/13 10:29:46,새송이(새송이버섯(일반)),1kg,1625,80
11/13 10:29:42,새송이(새송이버섯(일반)),1kg,1750,80
11/13 10:29:40,새송이(새송이버섯(일반)),1kg,1750,80
11/13 10:29:32,새송이(새송이버섯(일반)),1kg,1875,64
11/13 10:29:03,새송이(새송이버섯(일반)),1kg,1750,90
11/13 10:28:59,새송이(새송이버섯(일반)),1kg,1875,40
11/13 10:28:58,새송이(새송이버섯(일반)),1kg,1875,80
11/13 10:28:56,새송이(새송이버섯(일반)),1kg,1875,80
11/13 10:28:53,새송이(새송이버섯(일반)),1kg,1875,90
11/13 10:28:52,새송이(새송이버섯(일반)),1kg,1875,90
11/13 10:28:49,새송이(새송이버섯(일반)),1kg,1875,81
11/13 10:28:48,새송이(새송이버섯(일반)),1kg,1875,81
11/13 10:28:46,새송이(새송이버섯(일반)),1kg,1875,81
11/13 10:28:42,새송이(새송이버섯(일반)),1kg,1875,80
11/13 10:28:38,새송이(새송이버섯(일반)),1kg,2000,80
11/13 10:28:37,새송이(새송이버섯(일반)),1kg,2000,80
11/13 10:28:33,새송이(새송이버섯(일반)),1kg,2000,72
11/13 10:28:30,새송이(새송이버섯(일반)),1kg,1875,80
11/13 10:28:27,새송이(새송이버섯(일반)),1kg,2000,80
11/13 10:28:26,새송이(새송이버섯(일반)),1kg,2000,80
11/13 10:28:25,새송이(새송이버섯(일반)),1kg,2000,80
11/13 10:28:23,새송이(새송이버섯(일반)),1kg,2000,80
11/13 10:28:10,새송이(새송이버섯(일반)),1kg,1100,25
11/13 10:28:06,새송이(새송이버섯(일반)),1kg,800,10
11/13 10:27:59,새송이(새송이버섯(일반)),1kg,1350,32
11/13 10:27:53,새송이(새송이버섯(일반)),1kg,1200,21
11/13 10:27:48,새송이(새송이버섯(일반)),1kg,1500,2
11/13 10:27:43,새송이(새송이버섯(일반)),1kg,750,10
11/13 10:27:38,새송이(새송이버섯(일반)),1kg,1050,40
11/13 10:27:36,새송이(새송이버섯(일반)),1kg,1050,40
11/13 10:27:30,새송이(새송이버섯(일반)),1kg,1300,30
11/13 10:27:26,새송이(새송이버섯(일반)),1kg,1150,51
11/13 10:27:20,새송이(새송이버섯(일반)),1kg,1000,15
11/13 10:27:15,새송이(새송이버섯(일반)),1kg,1666,25
11/13 10:27:14,새송이(새송이버섯(일반)),1kg,1666,26
11/13 10:27:09,새송이(새송이버섯(일반)),1kg,1666,24
11/13 10:27:05,새송이(새송이버섯(일반)),1kg,1150,20
11/13 10:26:59,새송이(새송이버섯(일반)),1kg,1666,16
11/13 10:26:57,새송이(새송이버섯(일반)),1kg,1666,16
11/13 10:26:51,새송이(새송이버섯(일반)),1kg,50,101
11/13 10:26:40,새송이(새송이버섯(일반)),1kg,250,22
11/13 10:26:30,새송이(새송이버섯(일반)),1kg,950,27
11/13 10:26:21,새송이(새송이버섯(일반)),1kg,1450,31
11/13 10:26:17,새송이(새송이버섯(일반)),1kg,1300,42
11/13 10:26:12,새송이(새송이버섯(일반)),1kg,1400,15
11/13 10:25:35,새송이(새송이버섯(일반)),1kg,1750,67
11/13 10:25:30,새송이(새송이버섯(일반)),1kg,2500,64
11/13 10:25:28,새송이(새송이버섯(일반)),1kg,2500,64
11/13 10:25:26,새송이(새송이버섯(일반)),1kg,2500,64
11/13 10:25:19,새송이(새송이버섯(일반)),1kg,3250,50
11/13 10:25:16,새송이(새송이버섯(일반)),1kg,3250,50
11/13 10:25:12,새송이(새송이버섯(일반)),1kg,2750,80
11/13 10:25:09,새송이(새송이버섯(일반)),1kg,2750,80
11/13 10:25:06,새송이(새송이버섯(일반)),1kg,2500,80
11/13 10:25:04,새송이(새송이버섯(일반)),1kg,2500,80
11/13 10:25:02,새송이(새송이버섯(일반)),1kg,2500,80
11/13 10:25:00,새송이(새송이버섯(일반)),1kg,250,6
11/13 10:24:59,새송이(새송이버섯(일반)),1kg,2500,80
11/13 10:24:56,새송이(새송이버섯(일반)),1kg,1750,80
11/13 10:24:53,새송이(새송이버섯(일반)),1kg,3250,40
11/13 10:24:53,새송이(새송이버섯(일반)),1kg,1750,80
11/13 10:24:50,새송이(새송이버섯(일반)),1kg,1750,80
11/13 10:24:46,새송이(새송이버섯(일반)),1kg,2000,80
11/13 10:24:45,새송이(새송이버섯(일반)),1kg,500,7
11/13 10:24:42,새송이(새송이버섯(일반)),1kg,2750,80
11/13 10:24:40,새송이(새송이버섯(일반)),1kg,2750,80
11/13 10:24:38,새송이(새송이버섯(일반)),1kg,1000,39
11/13 10:24:36,새송이(새송이버섯(일반)),1kg,2500,60
11/13 10:24:34,새송이(새송이버섯(일반)),1kg,2500,70
11/13 10:24:32,새송이(새송이버섯(일반)),1kg,2250,70
11/13 10:24:30,새송이(새송이버섯(일반)),1kg,2250,2
11/13 10:24:25,새송이(새송이버섯(일반)),1kg,2500,80
11/13 10:24:23,새송이(새송이버섯(일반)),1kg,2500,80
11/13 10:24:18,새송이(새송이버섯(일반)),1kg,2500,60
11/13 10:24:14,새송이(새송이버섯(일반)),1kg,1750,9
11/13 10:24:11,새송이(새송이버섯(일반)),1kg,2250,19
11/13 10:24:07,새송이(새송이버섯(일반)),1kg,2500,58
11/13 10:24:06,새송이(새송이버섯(일반)),1kg,3000,50
11/13 10:24:04,새송이(새송이버섯(일반)),1kg,2750,50
11/13 10:24:01,새송이(새송이버섯(일반)),1kg,2750,54
11/13 10:23:59,새송이(새송이버섯(일반)),1kg,2750,80
11/13 10:23:58,새송이(새송이버섯(일반)),1kg,3000,25
11/13 10:23:58,새송이(새송이버섯(일반)),1kg,3000,25
11/13 10:23:56,새송이(새송이버섯(일반)),1kg,2750,80
11/13 10:23:50,새송이(새송이버섯(일반)),1kg,1750,49
11/13 10:23:50,새송이(새송이버섯(일반)),1kg,1750,49
11/13 10:23:48,새송이(새송이버섯(일반)),1kg,1750,9
11/13 10:23:45,새송이(새송이버섯(일반)),1kg,2000,20
11/13 10:23:41,새송이(새송이버섯(일반)),1kg,2250,60
11/13 10:23:39,새송이(새송이버섯(일반)),1kg,2750,50
11/13 10:23:39,새송이(새송이버섯(일반)),1kg,2250,60
11/13 10:23:38,새송이(새송이버섯(일반)),1kg,2250,60
11/13 10:23:36,새송이(새송이버섯(일반)),1kg,2250,75
11/13 10:23:33,새송이(새송이버섯(일반)),1kg,2250,76
11/13 10:23:31,새송이(새송이버섯(일반)),1kg,3500,50
11/13 10:23:24,새송이(새송이버섯(일반)),1kg,1750,45
11/13 10:23:10,새송이(새송이버섯(일반)),1kg,2500,70
11/13 10:23:07,새송이(새송이버섯(일반)),1kg,2250,30
11/13 10:23:03,새송이(새송이버섯(일반)),1kg,2750,50
11/13 10:23:01,새송이(새송이버섯(일반)),1kg,2750,60
11/13 10:23:00,새송이(새송이버섯(일반)),1kg,2750,70
11/13 10:22:59,새송이(새송이버섯(일반)),1kg,2750,70
11/13 10:22:57,새송이(새송이버섯(일반)),1kg,2750,70
11/13 10:22:52,새송이(새송이버섯(일반)),1kg,2750,88
11/13 10:22:49,새송이(새송이버섯(일반)),1kg,2750,88
11/13 10:22:45,새송이(새송이버섯(일반)),1kg,3000,64
11/13 10:22:44,새송이(새송이버섯(일반)),1kg,3000,64
11/13 10:22:42,새송이(새송이버섯(일반)),1kg,3000,64
11/13 10:22:37,새송이(새송이버섯(일반)),1kg,3000,60
11/13 10:22:36,새송이(새송이버섯(일반)),1kg,3000,60
11/13 10:22:34,새송이(새송이버섯(일반)),1kg,3000,61
11/13 10:22:21,새송이(새송이버섯(일반)),1kg,2750,24
11/13 10:22:21,새송이(새송이버섯(일반)),1kg,3400,1
11/13 10:22:19,새송이(새송이버섯(일반)),1kg,2750,24
11/13 10:22:16,새송이(새송이버섯(일반)),1kg,3800,12
11/13 10:22:14,새송이(새송이버섯(일반)),1kg,2750,30
11/13 10:22:11,새송이(새송이버섯(일반)),1kg,2750,30
11/13 10:22:05,새송이(새송이버섯(일반)),1kg,1000,40
11/13 10:22:04,새송이(새송이버섯(일반)),1kg,4000,17
11/13 10:22:00,새송이(새송이버섯(일반)),1kg,4000,20
11/13 10:21:57,새송이(새송이버섯(일반)),1kg,4000,25
11/13 10:21:55,새송이(새송이버섯(일반)),1kg,4000,25
11/13 10:21:53,새송이(새송이버섯(일반)),1kg,2750,30
11/13 10:21:50,새송이(새송이버섯(일반)),1kg,2750,35
11/13 10:21:47,새송이(새송이버섯(일반)),1kg,2750,25
11/13 10:21:39,새송이(새송이버섯(일반)),1kg,3000,30
11/13 10:21:34,새송이(새송이버섯(일반)),1kg,3000,30
11/13 10:21:32,새송이(새송이버섯(일반)),1kg,3000,30
11/13 10:21:28,새송이(새송이버섯(일반)),1kg,3250,25
11/13 10:21:24,새송이(새송이버섯(일반)),1kg,3250,25
11/13 10:21:20,새송이(새송이버섯(일반)),1kg,875,3
11/13 10:21:15,새송이(새송이버섯(일반)),1kg,3250,35
11/13 10:21:12,새송이(새송이버섯(일반)),1kg,3250,35
11/13 10:09:34,새송이(새송이버섯(일반)),1kg,1125,56
11/13 10:09:28,새송이(새송이버섯(일반)),1kg,1750,58
11/13 10:09:26,새송이(새송이버섯(일반)),1kg,1750,57
11/13 10:09:22,새송이(새송이버섯(일반)),1kg,1750,81
11/13 10:09:19,새송이(새송이버섯(일반)),1kg,1750,81
11/13 10:08:53,새송이(새송이버섯(일반)),1kg,1750,72
11/13 10:08:51,새송이(새송이버섯(일반)),1kg,1750,72
11/13 10:08:48,새송이(새송이버섯(일반)),1kg,1750,72
11/13 10:08:44,새송이(새송이버섯(일반)),1kg,1750,90
11/13 10:08:42,새송이(새송이버섯(일반)),1kg,1750,90
11/13 10:08:39,새송이(새송이버섯(일반)),1kg,1750,90
11/13 10:08:36,새송이(새송이버섯(일반)),1kg,1750,64
11/13 10:08:31,새송이(새송이버섯(일반)),1kg,1750,75
11/13 10:08:29,새송이(새송이버섯(일반)),1kg,1750,75
11/13 10:08:26,새송이(새송이버섯(일반)),1kg,1750,75
11/13 10:08:23,새송이(새송이버섯(일반)),1kg,1750,75
11/13 10:08:23,새송이(새송이버섯(일반)),1kg,4000,184
11/13 10:08:19,새송이(새송이버섯(일반)),1kg,1875,80
11/13 10:08:13,새송이(새송이버섯(일반)),1kg,1625,88
11/13 10:08:11,새송이(새송이버섯(일반)),1kg,1625,88
11/13 10:08:08,새송이(새송이버섯(일반)),1kg,1625,88
11/13 10:07:57,새송이(새송이버섯(일반)),1kg,1875,80
11/13 10:07:53,새송이(새송이버섯(일반)),1kg,1875,80
11/13 10:07:41,새송이(새송이버섯(일반)),1kg,750,22
11/13 10:07:38,새송이(새송이버섯(일반)),1kg,750,23
11/13 10:07:33,새송이(새송이버섯(일반)),1kg,1875,81
11/13 10:07:32,새송이(새송이버섯(일반)),1kg,1875,81
11/13 10:07:24,새송이(새송이버섯(일반)),1kg,2000,81
11/13 10:07:17,새송이(새송이버섯(일반)),1kg,1750,88
11/13 10:07:14,새송이(새송이버섯(일반)),1kg,1750,88
11/13 10:07:09,새송이(새송이버섯(일반)),1kg,1875,50
11/13 10:07:00,새송이(새송이버섯(일반)),1kg,2000,80
11/13 10:06:57,새송이(새송이버섯(일반)),1kg,2125,80
11/13 10:06:49,새송이(새송이버섯(일반)),1kg,1750,65
11/13 10:06:46,새송이(새송이버섯(일반)),1kg,1750,65
11/13 10:06:43,새송이(새송이버섯(일반)),1kg,1750,70
11/13 10:06:33,새송이(새송이버섯(일반)),1kg,1875,75
11/13 10:06:30,새송이(새송이버섯(일반)),1kg,1875,75
11/13 10:06:27,새송이(새송이버섯(일반)),1kg,1875,75
11/13 10:06:24,새송이(새송이버섯(일반)),1kg,1875,75
11/13 10:06:18,새송이(새송이버섯(일반)),1kg,2000,90
11/13 10:06:18,새송이(새송이버섯(일반)),1kg,3937,5
11/13 10:06:15,새송이(새송이버섯(일반)),1kg,2000,90
11/13 10:06:12,새송이(새송이버섯(일반)),1kg,2000,95
11/13 10:06:09,새송이(새송이버섯(일반)),1kg,2000,95
11/13 10:05:48,새송이(새송이버섯(일반)),1kg,2750,30
11/13 10:05:43,새송이(새송이버섯(일반)),1kg,2500,50
11/13 10:05:39,새송이(새송이버섯(일반)),1kg,3000,50
11/13 10:05:35,새송이(새송이버섯(일반)),1kg,2000,18
11/13 10:05:29,새송이(새송이버섯(일반)),1kg,2500,63
11/13 10:05:26,새송이(새송이버섯(일반)),1kg,2500,63
11/13 10:05:17,새송이(새송이버섯(일반)),1kg,2750,60
11/13 10:05:14,새송이(새송이버섯(일반)),1kg,3000,60
11/13 10:05:08,새송이(새송이버섯(일반)),1kg,750,8
11/13 10:05:05,새송이(새송이버섯(일반)),1kg,750,2
11/13 10:05:02,새송이(새송이버섯(일반)),1kg,750,7
11/13 10:04:59,새송이(새송이버섯(일반)),1kg,1250,13
11/13 10:04:57,새송이(새송이버섯(일반)),1kg,1250,14
11/13 10:04:53,새송이(새송이버섯(일반)),1kg,2000,28
11/13 10:04:49,새송이(새송이버섯(일반)),1kg,3250,50
11/13 10:04:47,새송이(새송이버섯(일반)),1kg,3250,50
11/13 10:04:44,새송이(새송이버섯(일반)),1kg,3250,50
11/13 10:04:39,새송이(새송이버섯(일반)),1kg,1250,19
11/13 10:04:35,새송이(새송이버섯(일반)),1kg,2750,31
11/13 10:04:33,새송이(새송이버섯(일반)),1kg,2750,31
11/13 10:04:25,새송이(새송이버섯(일반)),1kg,1250,20
11/13 10:04:23,새송이(새송이버섯(일반)),1kg,1250,20
11/13 10:04:18,새송이(새송이버섯(일반)),1kg,1000,2
11/13 10:04:15,새송이(새송이버섯(일반)),1kg,3250,27
11/13 10:04:12,새송이(새송이버섯(일반)),1kg,3250,27
11/13 10:04:07,새송이(새송이버섯(일반)),1kg,1250,20
11/13 10:04:02,새송이(새송이버섯(일반)),1kg,1000,3
11/13 10:03:59,새송이(새송이버섯(일반)),1kg,3500,36
11/13 10:03:57,새송이(새송이버섯(일반)),1kg,3500,36
11/13 10:03:47,새송이(새송이버섯(일반)),1kg,500,28
11/13 10:03:42,새송이(새송이버섯(일반)),1kg,1250,10
11/13 10:03:38,새송이(새송이버섯(일반)),1kg,1750,11
11/13 10:03:34,새송이(새송이버섯(일반)),1kg,3000,12
11/13 10:03:28,새송이(새송이버섯(일반)),1kg,3200,14
11/13 10:03:25,새송이(새송이버섯(일반)),1kg,3200,14
11/13 10:03:23,새송이(새송이버섯(일반)),1kg,3200,14
11/13 10:03:21,새송이(새송이버섯(일반)),1kg,3200,14
11/13 10:03:18,새송이(새송이버섯(일반)),1kg,3200,14
11/13 10:03:14,새송이(새송이버섯(일반)),1kg,3200,10
11/13 10:03:11,새송이(새송이버섯(일반)),1kg,3200,10
11/13 10:03:07,새송이(새송이버섯(일반)),1kg,3200,11
11/13 10:02:29,새송이(새송이버섯(일반)),1kg,550,2
11/13 10:02:27,새송이(새송이버섯(일반)),1kg,2750,51
11/13 10:02:24,새송이(새송이버섯(일반)),1kg,2750,65
11/13 10:02:22,새송이(새송이버섯(일반)),1kg,2750,65
11/13 10:02:16,새송이(새송이버섯(일반)),1kg,3000,56
11/13 10:02:13,새송이(새송이버섯(일반)),1kg,3000,65
11/13 10:02:10,새송이(새송이버섯(일반)),1kg,3000,65
11/13 10:02:07,새송이(새송이버섯(일반)),1kg,3000,65
11/13 10:02:04,새송이(새송이버섯(일반)),1kg,3000,65
11/13 10:02:01,새송이(새송이버섯(일반)),1kg,3000,65
11/13 10:01:55,새송이(새송이버섯(일반)),1kg,2750,65
11/13 10:01:53,새송이(새송이버섯(일반)),1kg,2750,65
11/13 10:01:44,새송이(새송이버섯(일반)),1kg,3000,65
11/13 10:01:40,새송이(새송이버섯(일반)),1kg,3000,71
11/13 10:01:33,새송이(새송이버섯(일반)),1kg,3675,15
11/13 10:01:32,새송이(새송이버섯(일반)),1kg,150,5
11/13 10:01:29,새송이(새송이버섯(일반)),1kg,400,3
11/13 10:01:24,새송이(새송이버섯(일반)),1kg,1500,25
11/13 10:01:19,새송이(새송이버섯(일반)),1kg,2000,11
11/13 10:01:16,새송이(새송이버섯(일반)),1kg,1750,11
11/13 10:01:11,새송이(새송이버섯(일반)),1kg,2750,24
11/13 10:01:07,새송이(새송이버섯(일반)),1kg,3000,70
11/13 10:01:04,새송이(새송이버섯(일반)),1kg,3000,70
11/13 10:01:01,새송이(새송이버섯(일반)),1kg,3000,70
11/13 10:00:58,새송이(새송이버섯(일반)),1kg,3000,78
11/13 10:00:54,새송이(새송이버섯(일반)),1kg,3000,65
11/13 10:00:48,새송이(새송이버섯(일반)),1kg,3250,70
11/13 10:00:44,새송이(새송이버섯(일반)),1kg,3250,70
11/13 10:00:42,새송이(새송이버섯(일반)),1kg,3000,70
11/13 10:00:39,새송이(새송이버섯(일반)),1kg,3000,70
11/13 10:00:34,새송이(새송이버섯(일반)),1kg,3000,48
11/13 10:00:32,새송이(새송이버섯(일반)),1kg,3000,70
11/13 10:00:29,새송이(새송이버섯(일반)),1kg,3000,70
11/13 10:00:26,새송이(새송이버섯(일반)),1kg,3000,70
11/13 10:00:23,새송이(새송이버섯(일반)),1kg,3000,70
11/13 09:58:34,새송이(새송이버섯(일반)),1kg,3412,6
11/13 09:58:34,새송이(새송이버섯(일반)),1kg,4725,1
11/13 09:58:34,새송이(새송이버섯(일반)),1kg,2362,10
11/13 09:57:28,새송이(새송이버섯(일반)),1kg,1250,24
11/13 09:57:26,새송이(새송이버섯(일반)),1kg,1250,23
11/13 09:57:23,새송이(새송이버섯(일반)),1kg,1250,23
11/13 09:57:19,새송이(새송이버섯(일반)),1kg,500,7
11/13 09:57:15,새송이(새송이버섯(일반)),1kg,1000,6
11/13 09:57:11,새송이(새송이버섯(일반)),1kg,3000,45
11/13 09:57:09,새송이(새송이버섯(일반)),1kg,3000,45
11/13 09:57:05,새송이(새송이버섯(일반)),1kg,1500,25
11/13 09:56:56,새송이(새송이버섯(일반)),1kg,150,10
11/13 09:56:53,새송이(새송이버섯(일반)),1kg,1500,20
11/13 09:56:49,새송이(새송이버섯(일반)),1kg,1500,20
11/13 09:56:45,새송이(새송이버섯(일반)),1kg,1750,48
11/13 09:56:41,새송이(새송이버섯(일반)),1kg,2500,40
11/13 09:56:38,새송이(새송이버섯(일반)),1kg,2500,40
11/13 09:56:35,새송이(새송이버섯(일반)),1kg,2500,60
11/13 09:56:33,새송이(새송이버섯(일반)),1kg,2500,60
11/13 09:56:30,새송이(새송이버섯(일반)),1kg,2500,60
11/13 09:56:28,새송이(새송이버섯(일반)),1kg,2500,60
11/13 09:56:25,새송이(새송이버섯(일반)),1kg,2500,60
11/13 09:56:23,새송이(새송이버섯(일반)),1kg,2500,60
11/13 09:56:19,새송이(새송이버섯(일반)),1kg,2125,80
11/13 09:56:15,새송이(새송이버섯(일반)),1kg,2125,80
11/13 09:56:12,새송이(새송이버섯(일반)),1kg,2125,80
11/13 09:56:09,새송이(새송이버섯(일반)),1kg,2125,80
11/13 09:56:08,새송이(새송이버섯(일반)),1kg,2250,7
11/13 09:56:06,새송이(새송이버섯(일반)),1kg,2125,80
11/13 09:56:05,새송이(새송이버섯(일반)),1kg,2250,9
11/13 09:56:01,새송이(새송이버섯(일반)),1kg,2500,10
11/13 09:56:01,새송이(새송이버섯(일반)),1kg,2250,80
11/13 09:55:59,새송이(새송이버섯(일반)),1kg,2250,80
11/13 09:55:57,새송이(새송이버섯(일반)),1kg,1750,21
11/13 09:55:56,새송이(새송이버섯(일반)),1kg,2250,80
11/13 09:55:55,새송이(새송이버섯(일반)),1kg,1750,21
11/13 09:55:53,새송이(새송이버섯(일반)),1kg,2250,80
11/13 09:55:52,새송이(새송이버섯(일반)),1kg,1750,20
11/13 09:55:46,새송이(새송이버섯(일반)),1kg,150,5
11/13 09:55:43,새송이(새송이버섯(일반)),1kg,400,1
11/13 09:55:39,새송이(새송이버섯(일반)),1kg,2500,5
11/13 09:55:38,새송이(새송이버섯(일반)),1kg,3000,40
11/13 09:55:36,새송이(새송이버섯(일반)),1kg,2250,28
11/13 09:55:32,새송이(새송이버섯(일반)),1kg,2000,9
11/13 09:55:32,새송이(새송이버섯(일반)),1kg,3000,40
11/13 09:55:29,새송이(새송이버섯(일반)),1kg,3000,40
11/13 09:55:28,새송이(새송이버섯(일반)),1kg,1500,19
11/13 09:55:26,새송이(새송이버섯(일반)),1kg,3000,40
11/13 09:55:25,새송이(새송이버섯(일반)),1kg,1500,18
11/13 09:55:21,새송이(새송이버섯(일반)),1kg,3000,40
11/13 09:55:20,새송이(새송이버섯(일반)),1kg,3000,60
11/13 09:55:17,새송이(새송이버섯(일반)),1kg,2750,60
11/13 09:55:17,새송이(새송이버섯(일반)),1kg,3000,40
11/13 09:55:14,새송이(새송이버섯(일반)),1kg,2750,60
11/13 09:55:12,새송이(새송이버섯(일반)),1kg,2750,65
11/13 09:55:11,새송이(새송이버섯(일반)),1kg,3000,40
11/13 09:55:09,새송이(새송이버섯(일반)),1kg,2750,65
11/13 09:55:07,새송이(새송이버섯(일반)),1kg,2750,65
11/13 09:55:07,새송이(새송이버섯(일반)),1kg,3000,40
11/13 09:55:04,새송이(새송이버섯(일반)),1kg,2750,65
11/13 09:55:04,새송이(새송이버섯(일반)),1kg,3000,40
11/13 09:55:01,새송이(새송이버섯(일반)),1kg,2750,68
11/13 09:55:01,새송이(새송이버섯(일반)),1kg,3000,40
11/13 09:54:57,새송이(새송이버섯(일반)),1kg,2750,68
11/13 09:54:56,새송이(새송이버섯(일반)),1kg,3000,40
11/13 09:54:55,새송이(새송이버섯(일반)),1kg,2750,67
11/13 09:54:53,새송이(새송이버섯(일반)),1kg,3000,40
11/13 09:54:52,새송이(새송이버섯(일반)),1kg,2750,67
11/13 09:54:48,새송이(새송이버섯(일반)),1kg,2750,69
11/13 09:54:45,새송이(새송이버섯(일반)),1kg,2750,69
11/13 09:54:43,새송이(새송이버섯(일반)),1kg,2000,50
11/13 09:54:42,새송이(새송이버섯(일반)),1kg,2750,68
11/13 09:54:40,새송이(새송이버섯(일반)),1kg,3000,65
11/13 09:54:40,새송이(새송이버섯(일반)),1kg,2000,50
11/13 09:54:37,새송이(새송이버섯(일반)),1kg,2750,65
11/13 09:54:36,새송이(새송이버섯(일반)),1kg,2250,50
11/13 09:54:35,새송이(새송이버섯(일반)),1kg,2750,65
11/13 09:54:34,새송이(새송이버섯(일반)),1kg,2250,50
11/13 09:54:32,새송이(새송이버섯(일반)),1kg,2750,65
11/13 09:54:28,새송이(새송이버섯(일반)),1kg,100,10
11/13 09:54:27,새송이(새송이버섯(일반)),1kg,4200,1
11/13 09:54:24,새송이(새송이버섯(일반)),1kg,2000,23
11/13 09:54:22,새송이(새송이버섯(일반)),1kg,3500,8
11/13 09:54:20,새송이(새송이버섯(일반)),1kg,2250,14
11/13 09:54:16,새송이(새송이버섯(일반)),1kg,1500,10
11/13 09:54:16,새송이(새송이버섯(일반)),1kg,3250,8
11/13 09:54:13,새송이(새송이버섯(일반)),1kg,2250,23
11/13 09:54:08,새송이(새송이버섯(일반)),1kg,3000,50
11/13 09:54:05,새송이(새송이버섯(일반)),1kg,2750,67
11/13 09:54:05,새송이(새송이버섯(일반)),1kg,3000,50
11/13 09:54:02,새송이(새송이버섯(일반)),1kg,3000,60
11/13 09:54:01,새송이(새송이버섯(일반)),1kg,2750,67
11/13 09:53:59,새송이(새송이버섯(일반)),1kg,2750,66
11/13 09:53:59,새송이(새송이버섯(일반)),1kg,3000,60
11/13 09:53:56,새송이(새송이버섯(일반)),1kg,2750,60
11/13 09:53:56,새송이(새송이버섯(일반)),1kg,3000,60
11/13 09:53:54,새송이(새송이버섯(일반)),1kg,2750,60
11/13 09:53:54,새송이(새송이버섯(일반)),1kg,3000,60
11/13 09:53:51,새송이(새송이버섯(일반)),1kg,3000,60
11/13 09:53:50,새송이(새송이버섯(일반)),1kg,2750,67
11/13 09:53:49,새송이(새송이버섯(일반)),1kg,3000,60
11/13 09:53:48,새송이(새송이버섯(일반)),1kg,2750,67
11/13 09:53:45,새송이(새송이버섯(일반)),1kg,2750,66
11/13 09:53:41,새송이(새송이버섯(일반)),1kg,2750,47
11/13 09:53:39,새송이(새송이버섯(일반)),1kg,200,360
11/13 09:53:38,새송이(새송이버섯(일반)),1kg,2750,47
11/13 09:53:36,새송이(새송이버섯(일반)),1kg,2750,46
11/13 09:53:35,새송이(새송이버섯(일반)),1kg,200,360
11/13 09:53:33,새송이(새송이버섯(일반)),1kg,2750,65
11/13 09:53:31,새송이(새송이버섯(일반)),1kg,2750,65
11/13 09:53:28,새송이(새송이버섯(일반)),1kg,2750,65
11/13 09:53:27,새송이(새송이버섯(일반)),1kg,2000,80
11/13 09:53:26,새송이(새송이버섯(일반)),1kg,2750,65
11/13 09:53:18,새송이(새송이버섯(일반)),1kg,2000,81
11/13 09:53:15,새송이(새송이버섯(일반)),1kg,2000,81
11/13 09:53:06,새송이(새송이버섯(일반)),1kg,900,8
11/13 09:53:01,새송이(새송이버섯(일반)),1kg,1450,120
11/13 09:52:54,새송이(새송이버섯(일반)),1kg,3500,45
11/13 09:52:50,새송이(새송이버섯(일반)),1kg,3500,45
11/13 09:52:44,새송이(새송이버섯(일반)),1kg,2250,50
11/13 09:52:43,새송이(새송이버섯(일반)),1kg,2000,75
11/13 09:52:41,새송이(새송이버섯(일반)),1kg,1500,15
11/13 09:52:40,새송이(새송이버섯(일반)),1kg,2000,75
11/13 09:52:37,새송이(새송이버섯(일반)),1kg,1500,15
11/13 09:52:37,새송이(새송이버섯(일반)),1kg,2000,75
11/13 09:52:34,새송이(새송이버섯(일반)),1kg,2000,75
11/13 09:52:33,새송이(새송이버섯(일반)),1kg,1500,28
11/13 09:52:30,새송이(새송이버섯(일반)),1kg,1500,28
11/13 09:52:26,새송이(새송이버섯(일반)),1kg,850,7
11/13 09:52:25,새송이(새송이버섯(일반)),1kg,750,72
11/13 09:52:22,새송이(새송이버섯(일반)),1kg,750,4
11/13 09:52:21,새송이(새송이버섯(일반)),1kg,1000,64
11/13 09:52:15,새송이(새송이버섯(일반)),1kg,1250,132
11/13 09:52:12,새송이(새송이버섯(일반)),1kg,1750,14
11/13 09:52:08,새송이(새송이버섯(일반)),1kg,2250,22
11/13 09:52:08,새송이(새송이버섯(일반)),1kg,3500,50
11/13 09:52:04,새송이(새송이버섯(일반)),1kg,2500,45
11/13 09:52:04,새송이(새송이버섯(일반)),1kg,3500,50
11/13 09:52:00,새송이(새송이버섯(일반)),1kg,2500,44
11/13 09:51:56,새송이(새송이버섯(일반)),1kg,2000,60
11/13 09:51:55,새송이(새송이버섯(일반)),1kg,2750,43
11/13 09:51:53,새송이(새송이버섯(일반)),1kg,2000,70
11/13 09:51:52,새송이(새송이버섯(일반)),1kg,2750,43
11/13 09:51:50,새송이(새송이버섯(일반)),1kg,2000,70
11/13 09:51:47,새송이(새송이버섯(일반)),1kg,2750,61
11/13 09:51:43,새송이(새송이버섯(일반)),1kg,2750,61
11/13 09:51:38,새송이(새송이버섯(일반)),1kg,3000,61
11/13 09:51:34,새송이(새송이버섯(일반)),1kg,2750,54
11/13 09:51:31,새송이(새송이버섯(일반)),1kg,2750,53
11/13 09:51:27,새송이(새송이버섯(일반)),1kg,2750,53
11/13 09:51:22,새송이(새송이버섯(일반)),1kg,2000,15
11/13 09:51:18,새송이(새송이버섯(일반)),1kg,2500,12
11/13 09:51:14,새송이(새송이버섯(일반)),1kg,2750,66
11/13 09:51:04,새송이(새송이버섯(일반)),1kg,3000,65
11/13 09:51:00,새송이(새송이버섯(일반)),1kg,3000,65
11/13 09:50:57,새송이(새송이버섯(일반)),1kg,2750,40
11/13 09:50:56,새송이(새송이버섯(일반)),1kg,3000,65
11/13 09:50:54,새송이(새송이버섯(일반)),1kg,2750,45
11/13 09:50:52,새송이(새송이버섯(일반)),1kg,3000,64
11/13 09:50:52,새송이(새송이버섯(일반)),1kg,2750,45
11/13 09:50:46,새송이(새송이버섯(일반)),1kg,1000,1
11/13 09:50:42,새송이(새송이버섯(일반)),1kg,2000,4
11/13 09:50:39,새송이(새송이버섯(일반)),1kg,2750,10
11/13 09:50:39,새송이(새송이버섯(일반)),1kg,2125,40
11/13 09:50:35,새송이(새송이버섯(일반)),1kg,2125,40
11/13 09:50:34,새송이(새송이버섯(일반)),1kg,3000,50
11/13 09:50:30,새송이(새송이버섯(일반)),1kg,3000,50
11/13 09:50:27,새송이(새송이버섯(일반)),1kg,3250,50
11/13 09:50:26,새송이(새송이버섯(일반)),1kg,3250,60
11/13 09:50:23,새송이(새송이버섯(일반)),1kg,3250,50
11/13 09:50:18,새송이(새송이버섯(일반)),1kg,3500,60
11/13 09:50:14,새송이(새송이버섯(일반)),1kg,3500,60
11/13 09:50:14,새송이(새송이버섯(일반)),1kg,1250,30
11/13 09:50:10,새송이(새송이버섯(일반)),1kg,3500,60
11/13 09:50:07,새송이(새송이버섯(일반)),1kg,2500,40
11/13 09:50:06,새송이(새송이버섯(일반)),1kg,3500,60
11/13 09:50:03,새송이(새송이버섯(일반)),1kg,2500,40
11/13 09:49:56,새송이(새송이버섯(일반)),1kg,3000,40
11/13 09:49:53,새송이(새송이버섯(일반)),1kg,3000,40
11/13 09:49:37,새송이(새송이버섯(일반)),1kg,2150,68
11/13 09:49:36,새송이(새송이버섯(일반)),1kg,2000,16
11/13 09:49:32,새송이(새송이버섯(일반)),1kg,2000,16
11/13 09:49:27,새송이(새송이버섯(일반)),1kg,750,14
11/13 09:49:23,새송이(새송이버섯(일반)),1kg,3675,3
11/13 09:49:22,새송이(새송이버섯(일반)),1kg,1500,20
11/13 09:49:19,새송이(새송이버섯(일반)),1kg,1500,20
11/13 09:49:19,새송이(새송이버섯(일반)),1kg,1900,128
11/13 09:49:15,새송이(새송이버섯(일반)),1kg,1900,128
11/13 09:49:08,새송이(새송이버섯(일반)),1kg,2800,24
11/13 09:49:04,새송이(새송이버섯(일반)),1kg,2800,24
11/13 09:48:59,새송이(새송이버섯(일반)),1kg,2800,24
11/13 09:48:58,새송이(새송이버섯(일반)),1kg,2000,80
11/13 09:48:54,새송이(새송이버섯(일반)),1kg,2800,24
11/13 09:48:54,새송이(새송이버섯(일반)),1kg,2000,80
11/13 09:48:48,새송이(새송이버섯(일반)),1kg,1750,80
11/13 09:48:46,새송이(새송이버섯(일반)),1kg,1500,1
11/13 09:48:42,새송이(새송이버섯(일반)),1kg,2000,13
11/13 09:48:38,새송이(새송이버섯(일반)),1kg,1875,80
11/13 09:48:36,새송이(새송이버섯(일반)),1kg,3600,2
11/13 09:48:32,새송이(새송이버섯(일반)),1kg,3200,7
11/13 09:48:27,새송이(새송이버섯(일반)),1kg,4000,15
11/13 09:48:23,새송이(새송이버섯(일반)),1kg,4000,15
11/13 09:48:18,새송이(새송이버섯(일반)),1kg,4000,19
11/13 09:48:13,새송이(새송이버섯(일반)),1kg,4000,18
11/13 09:48:08,새송이(새송이버섯(일반)),1kg,4200,21
11/13 09:48:03,새송이(새송이버섯(일반)),1kg,4000,21
11/13 09:47:59,새송이(새송이버섯(일반)),1kg,4000,21
11/13 09:47:54,새송이(새송이버섯(일반)),1kg,4000,21
11/13 09:47:49,새송이(새송이버섯(일반)),1kg,4000,20
11/13 09:47:45,새송이(새송이버섯(일반)),1kg,320,10
11/13 09:47:44,새송이(새송이버섯(일반)),1kg,4000,20
11/13 09:47:41,새송이(새송이버섯(일반)),1kg,320,70
11/13 09:47:36,새송이(새송이버섯(일반)),1kg,400,160
11/13 09:47:28,새송이(새송이버섯(일반)),1kg,1050,19
11/13 09:47:22,새송이(새송이버섯(일반)),1kg,600,50
11/13 09:47:16,새송이(새송이버섯(일반)),1kg,1800,100
11/13 09:47:09,새송이(새송이버섯(일반)),1kg,950,4
11/13 09:47:01,새송이(새송이버섯(일반)),1kg,2250,14
11/13 09:46:57,새송이(새송이버섯(일반)),1kg,2250,11
11/13 09:46:49,새송이(새송이버섯(일반)),1kg,4000,51
11/13 09:46:47,새송이(새송이버섯(일반)),1kg,4000,51
11/13 09:46:43,새송이(새송이버섯(일반)),1kg,4250,51
11/13 09:46:34,새송이(새송이버섯(일반)),1kg,1550,12
11/13 09:46:29,새송이(새송이버섯(일반)),1kg,400,48
11/13 09:46:22,새송이(새송이버섯(일반)),1kg,1700,23
11/13 09:46:16,새송이(새송이버섯(일반)),1kg,850,5
11/13 09:46:09,새송이(새송이버섯(일반)),1kg,2000,4
11/13 09:46:04,새송이(새송이버섯(일반)),1kg,2500,2
11/13 09:46:00,새송이(새송이버섯(일반)),1kg,3000,3
11/13 09:45:52,새송이(새송이버섯(일반)),1kg,600,108
11/13 09:45:46,새송이(새송이버섯(일반)),1kg,1650,36
11/13 09:45:39,새송이(새송이버섯(일반)),1kg,1150,7
11/13 09:45:33,새송이(새송이버섯(일반)),1kg,1400,22
11/13 09:45:27,새송이(새송이버섯(일반)),1kg,1300,4
11/13 09:45:20,새송이(새송이버섯(일반)),1kg,2250,1
11/13 09:45:15,새송이(새송이버섯(일반)),1kg,2500,29
11/13 09:45:09,새송이(새송이버섯(일반)),1kg,4000,23
11/13 09:45:02,새송이(새송이버섯(일반)),1kg,950,14
11/13 09:44:56,새송이(새송이버섯(일반)),1kg,1250,14
11/13 09:44:48,새송이(새송이버섯(일반)),1kg,2250,29
11/13 09:44:42,새송이(새송이버섯(일반)),1kg,2500,12
11/13 09:44:36,새송이(새송이버섯(일반)),1kg,4000,60
11/13 09:44:32,새송이(새송이버섯(일반)),1kg,4000,50
11/13 09:44:29,새송이(새송이버섯(일반)),1kg,4000,50
11/13 09:44:26,새송이(새송이버섯(일반)),1kg,4000,50
11/13 09:44:23,새송이(새송이버섯(일반)),1kg,4000,50
11/13 09:44:15,새송이(새송이버섯(일반)),1kg,3750,15
11/13 09:44:09,새송이(새송이버섯(일반)),1kg,4750,24
11/13 09:44:03,새송이(새송이버섯(일반)),1kg,4750,48
11/13 09:43:54,새송이(새송이버섯(일반)),1kg,4500,45
11/13 09:43:50,새송이(새송이버섯(일반)),1kg,4500,45
11/13 09:43:47,새송이(새송이버섯(일반)),1kg,4500,46
11/13 09:43:44,새송이(새송이버섯(일반)),1kg,4500,46
11/13 09:43:38,새송이(새송이버섯(일반)),1kg,4666,5
11/13 09:43:12,새송이(새송이버섯(일반)),1kg,950,114
11/13 09:43:05,새송이(새송이버섯(일반)),1kg,2250,16
11/13 09:42:59,새송이(새송이버섯(일반)),1kg,2500,24
11/13 09:42:52,새송이(새송이버섯(일반)),1kg,460,160
11/13 09:42:48,새송이(새송이버섯(일반)),1kg,460,170
11/13 09:42:40,새송이(새송이버섯(일반)),1kg,420,190
11/13 09:42:37,새송이(새송이버섯(일반)),1kg,420,190
11/13 09:42:33,새송이(새송이버섯(일반)),1kg,420,190
11/13 09:38:00,새송이(새송이버섯(일반)),1kg,187,1000
11/13 09:37:55,새송이(새송이버섯(일반)),1kg,187,800
11/13 09:37:50,새송이(새송이버섯(일반)),1kg,200,800
11/13 09:37:47,새송이(새송이버섯(일반)),1kg,200,800
11/13 09:37:42,새송이(새송이버섯(일반)),1kg,1750,20
11/13 09:37:38,새송이(새송이버섯(일반)),1kg,166,450
11/13 09:37:35,새송이(새송이버섯(일반)),1kg,166,450
11/13 09:37:28,새송이(새송이버섯(일반)),1kg,183,300
11/13 09:37:23,새송이(새송이버섯(일반)),1kg,2750,40
11/13 09:37:18,새송이(새송이버섯(일반)),1kg,2750,40
11/13 09:37:15,새송이(새송이버섯(일반)),1kg,2750,40
11/13 09:37:10,새송이(새송이버섯(일반)),1kg,3000,70
11/13 09:37:06,새송이(새송이버섯(일반)),1kg,3000,70
11/13 09:37:03,새송이(새송이버섯(일반)),1kg,3000,77
11/13 09:36:57,새송이(새송이버섯(일반)),1kg,2000,20
11/13 09:36:51,새송이(새송이버섯(일반)),1kg,2750,60
11/13 09:36:48,새송이(새송이버섯(일반)),1kg,2750,60
11/13 09:36:45,새송이(새송이버섯(일반)),1kg,2750,60
11/13 09:36:39,새송이(새송이버섯(일반)),1kg,3000,60
11/13 09:36:36,새송이(새송이버섯(일반)),1kg,3000,70
11/13 09:36:33,새송이(새송이버섯(일반)),1kg,3000,70
11/13 08:33:34,새송이(새송이버섯(일반)),1kg,1750,72
11/13 08:33:34,새송이(새송이버섯(일반)),1kg,2000,80
11/13 08:32:41,새송이(새송이버섯(일반)),1kg,5666,10
11/13 08:32:19,새송이(새송이버섯(일반)),1kg,4666,1
11/13 08:32:19,새송이(새송이버섯(일반)),1kg,4666,1
11/13 08:32:19,새송이(새송이버섯(일반)),1kg,4666,5
11/13 08:17:46,새송이(새송이버섯(일반)),1kg,5325,2
11/13 07:55:24,새송이(새송이버섯(일반)),1kg,2000,1
11/13 07:55:24,새송이(새송이버섯(일반)),1kg,5000,5
11/13 07:40:46,새송이(새송이버섯(일반)),1kg,4500,2
11/13 07:40:46,새송이(새송이버섯(일반)),1kg,3000,1
11/13 07:40:46,새송이(새송이버섯(일반)),1kg,233,30
11/13 07:25:41,새송이(새송이버섯(일반)),1kg,2000,1000
11/13 07:25:41,새송이(새송이버섯(일반)),1kg,1500,80
11/13 06:55:03,새송이(새송이버섯(일반)),1kg,1250,34
11/13 06:55:03,새송이(새송이버섯(일반)),1kg,2250,4
11/13 06:54:37,새송이(새송이버섯(일반)),1kg,2250,7
11/13 06:54:37,새송이(새송이버섯(일반)),1kg,1250,19
11/13 06:54:37,새송이(새송이버섯(일반)),1kg,2250,1
11/13 06:09:10,새송이(새송이버섯(일반)),1kg,5666,1
11/13 06:09:09,새송이(새송이버섯(일반)),1kg,5666,3
11/13 04:47:24,새송이(새송이버섯(일반)),1kg,2150,6
11/13 04:47:17,새송이(새송이버섯(일반)),1kg,1800,36
11/13 04:46:49,새송이(새송이버섯(일반)),1kg,1750,37
11/13 04:46:13,새송이(새송이버섯(일반)),1kg,245,800
11/13 04:44:02,새송이(새송이버섯(일반)),1kg,400,55
11/13 04:43:54,새송이(새송이버섯(일반)),1kg,1100,32
11/13 04:43:46,새송이(새송이버섯(일반)),1kg,230,540
11/13 04:43:33,새송이(새송이버섯(일반)),1kg,1000,108
11/13 04:43:28,새송이(새송이버섯(일반)),1kg,850,108
11/13 04:43:20,새송이(새송이버섯(일반)),1kg,1050,96
11/13 04:43:16,새송이(새송이버섯(일반)),1kg,1050,96
11/13 04:43:06,새송이(새송이버섯(일반)),1kg,220,400
11/13 04:42:54,새송이(새송이버섯(일반)),1kg,650,10
11/13 04:42:46,새송이(새송이버섯(일반)),1kg,400,30
11/13 04:42:32,새송이(새송이버섯(일반)),1kg,1000,60
11/13 04:42:26,새송이(새송이버섯(일반)),1kg,1000,70
11/13 04:42:13,새송이(새송이버섯(일반)),1kg,235,800
11/13 04:42:02,새송이(새송이버섯(일반)),1kg,237,800
11/13 04:41:57,새송이(새송이버섯(일반)),1kg,227,800
11/13 04:41:49,새송이(새송이버섯(일반)),1kg,3000,120
11/13 04:41:40,새송이(새송이버섯(일반)),1kg,750,155
11/13 04:41:29,새송이(새송이버섯(일반)),1kg,2350,84
11/13 04:41:24,새송이(새송이버섯(일반)),1kg,3050,120
11/13 04:41:19,새송이(새송이버섯(일반)),1kg,3050,120
11/13 04:41:10,새송이(새송이버섯(일반)),1kg,3100,80
11/13 04:41:05,새송이(새송이버섯(일반)),1kg,3100,80
11/13 04:40:59,새송이(새송이버섯(일반)),1kg,3200,112
11/13 04:40:49,새송이(새송이버섯(일반)),1kg,3600,20
11/13 04:40:44,새송이(새송이버섯(일반)),1kg,3400,80
11/13 04:40:33,새송이(새송이버섯(일반)),1kg,280,800
11/13 04:38:15,새송이(새송이버섯(일반)),1kg,2000,60
11/13 04:37:48,새송이(새송이버섯(일반)),1kg,245,600
11/13 04:33:42,새송이(새송이버섯(일반)),1kg,1750,150
11/13 04:19:49,새송이(새송이버섯(일반)),1kg,300,29
11/13 04:18:49,새송이(새송이버섯(일반)),1kg,200,330
11/13 04:18:38,새송이(새송이버섯(일반)),1kg,200,340
11/13 04:11:21,새송이(새송이버섯(일반)),1kg,1100,40
11/13 04:11:16,새송이(새송이버섯(일반)),1kg,1050,40
11/13 04:09:48,새송이(새송이버섯(일반)),1kg,2500,42
11/13 04:09:40,새송이(새송이버섯(일반)),1kg,2900,30
11/13 04:09:34,새송이(새송이버섯(일반)),1kg,2900,30
11/13 04:09:26,새송이(새송이버섯(일반)),1kg,2500,10
11/13 04:09:17,새송이(새송이버섯(일반)),1kg,2800,20
11/13 04:09:10,새송이(새송이버섯(일반)),1kg,3000,10
11/13 04:09:02,새송이(새송이버섯(일반)),1kg,3650,40
11/13 04:08:21,새송이(새송이버섯(일반)),1kg,300,48
11/13 04:08:11,새송이(새송이버섯(일반)),1kg,300,48
11/13 04:07:39,새송이(새송이버섯(일반)),1kg,1100,36
11/13 04:07:34,새송이(새송이버섯(일반)),1kg,1050,36
11/13 04:07:28,새송이(새송이버섯(일반)),1kg,1000,48
11/13 04:07:21,새송이(새송이버섯(일반)),1kg,2400,39
11/13 04:07:13,새송이(새송이버섯(일반)),1kg,2900,40
11/13 04:07:08,새송이(새송이버섯(일반)),1kg,2900,40
11/13 04:06:50,새송이(새송이버섯(일반)),1kg,2900,44
11/13 04:06:43,새송이(새송이버섯(일반)),1kg,2900,60
11/13 04:06:19,새송이(새송이버섯(일반)),1kg,3000,30
11/13 04:06:14,새송이(새송이버섯(일반)),1kg,3000,30
11/13 04:05:57,새송이(새송이버섯(일반)),1kg,3000,48
11/13 04:05:52,새송이(새송이버섯(일반)),1kg,2950,60
11/13 04:05:48,새송이(새송이버섯(일반)),1kg,2900,60
11/13 04:05:40,새송이(새송이버섯(일반)),1kg,700,30
11/13 04:05:36,새송이(새송이버섯(일반)),1kg,212,20
11/13 04:05:35,새송이(새송이버섯(일반)),1kg,700,30
11/13 04:05:29,새송이(새송이버섯(일반)),1kg,650,40
11/13 04:05:26,새송이(새송이버섯(일반)),1kg,212,20
11/13 04:05:21,새송이(새송이버섯(일반)),1kg,2750,30
11/13 04:05:21,새송이(새송이버섯(일반)),1kg,212,20
11/13 04:05:16,새송이(새송이버섯(일반)),1kg,2800,30
11/13 04:05:13,새송이(새송이버섯(일반)),1kg,212,20
11/13 04:05:10,새송이(새송이버섯(일반)),1kg,2800,45
11/13 04:05:05,새송이(새송이버섯(일반)),1kg,2750,45
11/13 04:05:00,새송이(새송이버섯(일반)),1kg,2750,45
11/13 04:03:52,새송이(새송이버섯(일반)),1kg,207,300
11/13 04:03:47,새송이(새송이버섯(일반)),1kg,205,300
11/13 04:03:38,새송이(새송이버섯(일반)),1kg,850,40
11/13 04:03:33,새송이(새송이버섯(일반)),1kg,850,40
11/13 04:03:28,새송이(새송이버섯(일반)),1kg,850,40
11/13 04:03:22,새송이(새송이버섯(일반)),1kg,800,40
11/13 04:03:17,새송이(새송이버섯(일반)),1kg,750,44
11/13 04:03:09,새송이(새송이버섯(일반)),1kg,1300,33
11/13 04:03:02,새송이(새송이버섯(일반)),1kg,1500,36
11/13 04:02:54,새송이(새송이버섯(일반)),1kg,1900,42
11/13 04:02:46,새송이(새송이버섯(일반)),1kg,2900,40
11/13 04:02:41,새송이(새송이버섯(일반)),1kg,3000,44
11/13 04:02:34,새송이(새송이버섯(일반)),1kg,2900,44
11/13 04:02:26,새송이(새송이버섯(일반)),1kg,200,400
11/13 04:02:14,새송이(새송이버섯(일반)),1kg,200,400
11/13 04:01:44,새송이(새송이버섯(일반)),1kg,166,225
11/13 04:01:35,새송이(새송이버섯(일반)),1kg,1100,30
11/13 04:01:28,새송이(새송이버섯(일반)),1kg,3150,30
11/13 04:01:20,새송이(새송이버섯(일반)),1kg,3250,30
11/13 04:01:12,새송이(새송이버섯(일반)),1kg,247,400
11/13 04:01:07,새송이(새송이버섯(일반)),1kg,240,400
11/13 03:55:52,새송이(새송이버섯(일반)),1kg,3750,75
11/13 03:55:44,새송이(새송이버섯(일반)),1kg,3750,75
11/13 03:55:42,새송이(새송이버섯(일반)),1kg,3700,75
11/13 03:55:37,새송이(새송이버섯(일반)),1kg,3700,75
11/13 03:55:32,새송이(새송이버섯(일반)),1kg,1100,30
11/13 03:55:17,새송이(새송이버섯(일반)),1kg,1250,30
11/13 03:55:10,새송이(새송이버섯(일반)),1kg,1600,30
11/13 03:55:05,새송이(새송이버섯(일반)),1kg,1600,30
11/13 03:55:01,새송이(새송이버섯(일반)),1kg,1250,36
11/13 03:54:56,새송이(새송이버섯(일반)),1kg,1800,12
11/13 03:54:50,새송이(새송이버섯(일반)),1kg,3400,15
11/13 03:54:38,새송이(새송이버섯(일반)),1kg,3500,60
11/13 03:54:37,새송이(새송이버섯(일반)),1kg,3650,60
11/13 03:54:29,새송이(새송이버섯(일반)),1kg,3650,60
11/13 03:54:28,새송이(새송이버섯(일반)),1kg,3800,60
11/13 03:54:23,새송이(새송이버섯(일반)),1kg,3800,60
11/13 03:54:19,새송이(새송이버섯(일반)),1kg,1500,19
11/13 03:54:14,새송이(새송이버섯(일반)),1kg,2400,25
11/13 03:54:09,새송이(새송이버섯(일반)),1kg,2400,25
11/13 03:54:03,새송이(새송이버섯(일반)),1kg,1250,11
11/13 03:53:56,새송이(새송이버섯(일반)),1kg,1800,6
11/13 03:53:48,새송이(새송이버섯(일반)),1kg,3650,45
11/13 03:53:46,새송이(새송이버섯(일반)),1kg,3900,60
11/13 03:53:36,새송이(새송이버섯(일반)),1kg,3900,60
11/13 03:53:34,새송이(새송이버섯(일반)),1kg,4000,72
11/13 03:53:29,새송이(새송이버섯(일반)),1kg,4000,72
11/13 03:53:25,새송이(새송이버섯(일반)),1kg,700,42
11/13 03:53:25,새송이(새송이버섯(일반)),1kg,700,42
11/13 03:53:22,새송이(새송이버섯(일반)),1kg,700,50
11/13 03:53:22,새송이(새송이버섯(일반)),1kg,700,50
11/13 03:53:19,새송이(새송이버섯(일반)),1kg,650,50
11/13 03:53:19,새송이(새송이버섯(일반)),1kg,650,50
11/13 03:53:12,새송이(새송이버섯(일반)),1kg,650,50
11/13 03:53:12,새송이(새송이버섯(일반)),1kg,650,50
11/13 03:53:07,새송이(새송이버섯(일반)),1kg,600,21
11/13 03:53:07,새송이(새송이버섯(일반)),1kg,600,21
11/13 03:53:03,새송이(새송이버섯(일반)),1kg,1150,24
11/13 03:53:03,새송이(새송이버섯(일반)),1kg,1150,24
11/13 03:52:50,새송이(새송이버섯(일반)),1kg,1850,150
11/13 03:52:50,새송이(새송이버섯(일반)),1kg,1850,150
11/13 03:52:37,새송이(새송이버섯(일반)),1kg,1900,52
11/13 03:52:30,새송이(새송이버섯(일반)),1kg,2000,28
11/13 03:52:25,새송이(새송이버섯(일반)),1kg,3400,99
11/13 03:52:21,새송이(새송이버섯(일반)),1kg,1600,38
11/13 03:52:17,새송이(새송이버섯(일반)),1kg,2150,40
11/13 03:52:11,새송이(새송이버섯(일반)),1kg,1850,15
11/13 03:52:06,새송이(새송이버섯(일반)),1kg,3650,60
11/13 03:52:00,새송이(새송이버섯(일반)),1kg,3700,51
11/13 03:51:59,새송이(새송이버섯(일반)),1kg,3850,60
11/13 03:51:52,새송이(새송이버섯(일반)),1kg,3850,60
11/13 03:51:52,새송이(새송이버섯(일반)),1kg,3850,60
11/13 03:51:44,새송이(새송이버섯(일반)),1kg,3850,60
11/13 03:51:36,새송이(새송이버섯(일반)),1kg,500,36
11/13 03:51:24,새송이(새송이버섯(일반)),1kg,1650,43
11/13 03:51:18,새송이(새송이버섯(일반)),1kg,1800,12
11/13 03:51:11,새송이(새송이버섯(일반)),1kg,3500,51
11/13 03:51:10,새송이(새송이버섯(일반)),1kg,3650,72
11/13 03:51:05,새송이(새송이버섯(일반)),1kg,3650,72
11/13 03:51:00,새송이(새송이버섯(일반)),1kg,3850,63
11/13 03:51:00,새송이(새송이버섯(일반)),1kg,3800,66
11/13 03:50:54,새송이(새송이버섯(일반)),1kg,3800,66
11/13 03:50:49,새송이(새송이버섯(일반)),1kg,1000,69
11/13 03:50:42,새송이(새송이버섯(일반)),1kg,242,400
11/13 03:50:37,새송이(새송이버섯(일반)),1kg,242,400
11/13 03:50:33,새송이(새송이버섯(일반)),1kg,800,44
11/13 03:50:33,새송이(새송이버섯(일반)),1kg,800,44
11/13 03:50:13,새송이(새송이버섯(일반)),1kg,2250,48
11/13 03:50:13,새송이(새송이버섯(일반)),1kg,2250,48
11/13 03:50:07,새송이(새송이버섯(일반)),1kg,2000,24
11/13 03:50:07,새송이(새송이버섯(일반)),1kg,2000,24
11/13 03:50:01,새송이(새송이버섯(일반)),1kg,1800,24
11/13 03:50:01,새송이(새송이버섯(일반)),1kg,1800,24
11/13 03:49:52,새송이(새송이버섯(일반)),1kg,245,450
11/13 03:49:52,새송이(새송이버섯(일반)),1kg,245,450
11/13 03:49:46,새송이(새송이버섯(일반)),1kg,245,450
11/13 03:49:46,새송이(새송이버섯(일반)),1kg,245,450
11/13 03:49:35,새송이(새송이버섯(일반)),1kg,225,400
11/13 03:47:58,새송이(새송이버섯(일반)),1kg,237,400
11/13 03:47:49,새송이(새송이버섯(일반)),1kg,237,400
11/13 03:47:46,새송이(새송이버섯(일반)),1kg,240,400
11/13 03:47:42,새송이(새송이버섯(일반)),1kg,240,400
11/13 03:47:28,새송이(새송이버섯(일반)),1kg,1600,36
11/13 03:47:28,새송이(새송이버섯(일반)),1kg,1600,36
11/13 03:47:22,새송이(새송이버섯(일반)),1kg,2100,72
11/13 03:47:22,새송이(새송이버섯(일반)),1kg,2100,72
11/13 03:47:16,새송이(새송이버섯(일반)),1kg,1900,68
11/13 03:47:16,새송이(새송이버섯(일반)),1kg,1900,68
11/13 03:47:05,새송이(새송이버섯(일반)),1kg,600,24
11/13 03:47:05,새송이(새송이버섯(일반)),1kg,600,24
11/13 03:47:00,새송이(새송이버섯(일반)),1kg,750,54
11/13 03:47:00,새송이(새송이버섯(일반)),1kg,750,54
11/13 03:46:48,새송이(새송이버섯(일반)),1kg,750,54
11/13 03:46:48,새송이(새송이버섯(일반)),1kg,750,54
11/13 03:46:42,새송이(새송이버섯(일반)),1kg,250,400
11/13 03:46:42,새송이(새송이버섯(일반)),1kg,250,400
11/13 03:46:38,새송이(새송이버섯(일반)),1kg,250,400
11/13 03:46:38,새송이(새송이버섯(일반)),1kg,250,400
11/13 03:46:32,새송이(새송이버섯(일반)),1kg,1000,30
11/13 03:46:32,새송이(새송이버섯(일반)),1kg,1000,30
11/13 03:46:26,새송이(새송이버섯(일반)),1kg,262,400
11/13 03:46:26,새송이(새송이버섯(일반)),1kg,262,400
11/13 03:46:24,새송이(새송이버섯(일반)),1kg,262,400
11/13 03:46:24,새송이(새송이버섯(일반)),1kg,262,400
11/13 03:46:21,새송이(새송이버섯(일반)),1kg,260,400
11/13 03:46:21,새송이(새송이버섯(일반)),1kg,260,400
11/13 03:46:18,새송이(새송이버섯(일반)),1kg,255,400
11/13 03:46:18,새송이(새송이버섯(일반)),1kg,255,400
11/13 03:46:08,새송이(새송이버섯(일반)),1kg,250,400
11/13 03:46:08,새송이(새송이버섯(일반)),1kg,250,400
11/13 03:46:01,새송이(새송이버섯(일반)),1kg,650,24
11/13 03:45:55,새송이(새송이버섯(일반)),1kg,500,24
11/13 03:45:46,새송이(새송이버섯(일반)),1kg,1650,12
11/13 03:45:42,새송이(새송이버섯(일반)),1kg,3300,18
11/13 03:45:37,새송이(새송이버섯(일반)),1kg,3400,54
11/13 03:45:29,새송이(새송이버섯(일반)),1kg,3650,93
11/13 03:45:24,새송이(새송이버섯(일반)),1kg,3600,69
11/13 03:45:23,새송이(새송이버섯(일반)),1kg,3500,69
11/13 03:45:11,새송이(새송이버섯(일반)),1kg,3500,69
11/13 03:42:45,새송이(새송이버섯(일반)),1kg,262,400
11/13 03:42:43,새송이(새송이버섯(일반)),1kg,262,400
11/13 03:42:42,새송이(새송이버섯(일반)),1kg,262,400
11/13 03:42:35,새송이(새송이버섯(일반)),1kg,262,250
11/13 03:42:33,새송이(새송이버섯(일반)),1kg,262,250
11/13 03:42:23,새송이(새송이버섯(일반)),1kg,235,400
11/13 03:42:21,새송이(새송이버섯(일반)),1kg,232,400
11/13 03:42:19,새송이(새송이버섯(일반)),1kg,232,400
11/13 03:36:51,새송이(새송이버섯(일반)),1kg,3750,20
11/13 03:34:37,새송이(새송이버섯(일반)),1kg,2750,19
11/13 03:34:31,새송이(새송이버섯(일반)),1kg,2750,20
11/13 03:34:23,새송이(새송이버섯(일반)),1kg,3750,20
11/13 03:34:20,새송이(새송이버섯(일반)),1kg,3750,20
11/13 03:34:19,새송이(새송이버섯(일반)),1kg,3750,20
11/13 03:34:15,새송이(새송이버섯(일반)),1kg,3350,30
11/13 03:33:43,새송이(새송이버섯(일반)),1kg,1400,60
11/13 03:23:11,새송이(새송이버섯(일반)),1kg,2400,58
11/13 03:23:08,새송이(새송이버섯(일반)),1kg,2000,40
11/13 03:23:00,새송이(새송이버섯(일반)),1kg,2100,20
11/13 03:22:53,새송이(새송이버섯(일반)),1kg,3600,60
11/13 03:22:48,새송이(새송이버섯(일반)),1kg,3700,6
11/13 03:22:46,새송이(새송이버섯(일반)),1kg,3650,60
11/13 03:22:42,새송이(새송이버섯(일반)),1kg,3800,75
11/13 03:22:39,새송이(새송이버섯(일반)),1kg,3700,60
11/13 03:22:35,새송이(새송이버섯(일반)),1kg,3950,75
11/13 03:22:33,새송이(새송이버섯(일반)),1kg,3850,60
11/13 03:22:30,새송이(새송이버섯(일반)),1kg,3900,60
11/13 03:22:25,새송이(새송이버섯(일반)),1kg,2000,80
11/13 03:22:22,새송이(새송이버섯(일반)),1kg,3550,60
11/13 03:22:20,새송이(새송이버섯(일반)),1kg,2750,20
11/13 03:22:18,새송이(새송이버섯(일반)),1kg,3650,30
11/13 03:22:16,새송이(새송이버섯(일반)),1kg,3700,60
11/13 03:22:12,새송이(새송이버섯(일반)),1kg,3750,60
11/13 03:22:08,새송이(새송이버섯(일반)),1kg,3800,60
11/13 03:22:06,새송이(새송이버섯(일반)),1kg,3750,20
11/13 03:21:59,새송이(새송이버섯(일반)),1kg,2250,82
11/13 03:21:57,새송이(새송이버섯(일반)),1kg,2250,100
11/13 03:21:50,새송이(새송이버섯(일반)),1kg,277,400
11/13 03:21:48,새송이(새송이버섯(일반)),1kg,277,400
11/13 03:21:45,새송이(새송이버섯(일반)),1kg,275,400
11/13 03:21:41,새송이(새송이버섯(일반)),1kg,250,4
11/13 03:21:25,새송이(새송이버섯(일반)),1kg,1500,60
11/13 03:21:21,새송이(새송이버섯(일반)),1kg,2100,40
11/13 03:21:17,새송이(새송이버섯(일반)),1kg,3350,30
11/13 03:21:16,새송이(새송이버섯(일반)),1kg,3600,30
11/13 03:21:09,새송이(새송이버섯(일반)),1kg,3100,30
11/13 03:21:08,새송이(새송이버섯(일반)),1kg,3800,60
11/13 03:21:00,새송이(새송이버섯(일반)),1kg,3800,60
11/13 03:20:57,새송이(새송이버섯(일반)),1kg,3750,60
11/13 03:20:57,새송이(새송이버섯(일반)),1kg,3200,19
11/13 03:20:53,새송이(새송이버섯(일반)),1kg,3800,60
11/13 03:20:50,새송이(새송이버섯(일반)),1kg,3400,30
11/13 03:20:45,새송이(새송이버섯(일반)),1kg,3700,40
11/13 03:20:43,새송이(새송이버섯(일반)),1kg,1350,30
11/13 03:20:40,새송이(새송이버섯(일반)),1kg,3750,80
11/13 03:20:37,새송이(새송이버섯(일반)),1kg,3850,80
11/13 03:20:31,새송이(새송이버섯(일반)),1kg,650,100
11/13 03:20:27,새송이(새송이버섯(일반)),1kg,2300,30
11/13 03:20:25,새송이(새송이버섯(일반)),1kg,2250,60
11/13 03:20:16,새송이(새송이버섯(일반)),1kg,1900,24
11/13 03:20:11,새송이(새송이버섯(일반)),1kg,2100,21
11/13 03:20:02,새송이(새송이버섯(일반)),1kg,3500,30
11/13 03:20:01,새송이(새송이버섯(일반)),1kg,3050,30
11/13 03:19:59,새송이(새송이버섯(일반)),1kg,3000,60
11/13 03:19:36,새송이(새송이버섯(일반)),1kg,3500,66
11/13 03:19:32,새송이(새송이버섯(일반)),1kg,3650,66
11/13 03:19:26,새송이(새송이버섯(일반)),1kg,3800,69
11/13 03:19:24,새송이(새송이버섯(일반)),1kg,3750,60
11/13 03:19:22,새송이(새송이버섯(일반)),1kg,3650,60
11/13 03:19:17,새송이(새송이버섯(일반)),1kg,272,220
11/13 03:19:14,새송이(새송이버섯(일반)),1kg,270,360
11/13 03:19:12,새송이(새송이버섯(일반)),1kg,270,360
11/13 03:19:09,새송이(새송이버섯(일반)),1kg,267,360
11/13 03:19:03,새송이(새송이버섯(일반)),1kg,1500,7
11/13 03:18:58,새송이(새송이버섯(일반)),1kg,1350,112
11/13 03:18:54,새송이(새송이버섯(일반)),1kg,1800,100
11/13 03:18:47,새송이(새송이버섯(일반)),1kg,260,240
11/13 03:18:46,새송이(새송이버섯(일반)),1kg,260,360
11/13 03:18:44,새송이(새송이버섯(일반)),1kg,260,360
11/13 03:18:43,새송이(새송이버섯(일반)),1kg,260,360
11/13 03:18:41,새송이(새송이버섯(일반)),1kg,260,360
11/13 03:18:40,새송이(새송이버섯(일반)),1kg,255,360
11/13 03:18:38,새송이(새송이버섯(일반)),1kg,255,360
11/13 03:18:34,새송이(새송이버섯(일반)),1kg,1250,68
11/13 03:18:30,새송이(새송이버섯(일반)),1kg,1800,68
11/13 03:18:27,새송이(새송이버섯(일반)),1kg,1750,4
11/13 03:18:22,새송이(새송이버섯(일반)),1kg,255,360
11/13 03:18:21,새송이(새송이버섯(일반)),1kg,255,360
11/13 03:18:20,새송이(새송이버섯(일반)),1kg,250,360
11/13 03:18:18,새송이(새송이버섯(일반)),1kg,250,360
11/13 03:18:07,새송이(새송이버섯(일반)),1kg,2150,34
11/13 03:18:03,새송이(새송이버섯(일반)),1kg,3400,15
11/13 03:17:59,새송이(새송이버섯(일반)),1kg,3650,90
11/13 03:17:57,새송이(새송이버섯(일반)),1kg,3650,60
11/13 03:17:56,새송이(새송이버섯(일반)),1kg,3550,60
11/13 03:17:47,새송이(새송이버섯(일반)),1kg,1150,25
11/13 03:17:44,새송이(새송이버섯(일반)),1kg,500,22
11/13 03:17:40,새송이(새송이버섯(일반)),1kg,1800,60
11/13 03:17:36,새송이(새송이버섯(일반)),1kg,1650,4
11/13 03:17:33,새송이(새송이버섯(일반)),1kg,3250,9
11/13 03:17:31,새송이(새송이버섯(일반)),1kg,3300,39
11/13 03:17:28,새송이(새송이버섯(일반)),1kg,3450,84
11/13 03:17:25,새송이(새송이버섯(일반)),1kg,3400,60
11/13 03:17:03,새송이(새송이버섯(일반)),1kg,1400,60
11/13 03:16:31,새송이(새송이버섯(일반)),1kg,1300,30
11/13 03:00:06,새송이(새송이버섯(일반)),1kg,3400,30
11/13 02:58:56,새송이(새송이버섯(일반)),1kg,3500,6
11/13 02:58:18,새송이(새송이버섯(일반)),1kg,237,300
11/13 02:58:16,새송이(새송이버섯(일반)),1kg,237,100
11/13 02:58:10,새송이(새송이버섯(일반)),1kg,3300,40
11/13 02:58:07,새송이(새송이버섯(일반)),1kg,3150,40
11/13 02:42:58,새송이(새송이버섯(일반)),1kg,500,20
11/13 02:42:51,새송이(새송이버섯(일반)),1kg,245,400
11/13 02:42:49,새송이(새송이버섯(일반)),1kg,245,400
11/13 02:42:45,새송이(새송이버섯(일반)),1kg,245,400
11/13 02:42:30,새송이(새송이버섯(일반)),1kg,1000,96
11/13 02:41:03,새송이(새송이버섯(일반)),1kg,2700,30
11/13 02:41:01,새송이(새송이버섯(일반)),1kg,2250,31
11/13 02:40:51,새송이(새송이버섯(일반)),1kg,250,250
11/13 02:40:49,새송이(새송이버섯(일반)),1kg,250,250
11/13 02:40:31,새송이(새송이버섯(일반)),1kg,2000,23
11/13 02:40:24,새송이(새송이버섯(일반)),1kg,2000,21
11/13 02:40:17,새송이(새송이버섯(일반)),1kg,2250,50
11/13 02:39:52,새송이(새송이버섯(일반)),1kg,3400,30
11/13 02:39:50,새송이(새송이버섯(일반)),1kg,3400,30
11/13 02:39:33,새송이(새송이버섯(일반)),1kg,3350,30
11/13 02:39:23,새송이(새송이버섯(일반)),1kg,800,15
11/13 02:39:17,새송이(새송이버섯(일반)),1kg,850,15
11/13 02:39:13,새송이(새송이버섯(일반)),1kg,222,400
11/13 02:39:10,새송이(새송이버섯(일반)),1kg,220,400
11/13 02:39:05,새송이(새송이버섯(일반)),1kg,220,400
11/13 02:38:36,새송이(새송이버섯(일반)),1kg,1300,33
11/13 02:38:33,새송이(새송이버섯(일반)),1kg,2250,55
11/13 02:38:24,새송이(새송이버섯(일반)),1kg,3450,30
11/13 02:38:15,새송이(새송이버섯(일반)),1kg,3500,51
11/13 02:38:11,새송이(새송이버섯(일반)),1kg,3450,48
11/13 02:38:07,새송이(새송이버섯(일반)),1kg,3600,60
11/13 02:38:02,새송이(새송이버섯(일반)),1kg,3600,63
11/13 02:37:54,새송이(새송이버섯(일반)),1kg,2500,12
11/13 02:37:51,새송이(새송이버섯(일반)),1kg,3150,45
11/13 02:37:45,새송이(새송이버섯(일반)),1kg,3350,63
11/13 02:37:41,새송이(새송이버섯(일반)),1kg,1000,9
11/13 02:37:34,새송이(새송이버섯(일반)),1kg,207,400
11/13 02:37:32,새송이(새송이버섯(일반)),1kg,205,400
11/13 02:37:28,새송이(새송이버섯(일반)),1kg,205,400
11/13 02:37:19,새송이(새송이버섯(일반)),1kg,200,400
11/13 02:37:16,새송이(새송이버섯(일반)),1kg,1000,10
11/13 02:37:03,새송이(새송이버섯(일반)),1kg,1900,38
11/13 02:36:58,새송이(새송이버섯(일반)),1kg,2400,48
11/13 02:36:56,새송이(새송이버섯(일반)),1kg,1600,18
11/13 02:36:36,새송이(새송이버섯(일반)),1kg,3000,5
11/13 02:36:25,새송이(새송이버섯(일반)),1kg,3300,10
11/13 02:36:21,새송이(새송이버섯(일반)),1kg,3400,17
11/13 02:35:53,새송이(새송이버섯(일반)),1kg,3500,18
11/13 02:35:03,새송이(새송이버섯(일반)),1kg,1000,1
11/13 02:35:03,새송이(새송이버섯(일반)),1kg,2250,3
11/13 02:34:27,새송이(새송이버섯(일반)),1kg,2500,5
11/13 02:34:27,새송이(새송이버섯(일반)),1kg,3500,10
11/13 02:34:27,새송이(새송이버섯(일반)),1kg,2000,4
11/13 02:34:27,새송이(새송이버섯(일반)),1kg,6500,2
11/13 02:28:34,새송이(새송이버섯(일반)),1kg,225,200
11/13 02:28:32,새송이(새송이버섯(일반)),1kg,230,240
11/13 02:28:24,새송이(새송이버섯(일반)),1kg,225,360
11/13 02:28:14,새송이(새송이버섯(일반)),1kg,400,20
11/13 02:28:09,새송이(새송이버섯(일반)),1kg,1750,6
11/13 02:28:01,새송이(새송이버섯(일반)),1kg,2750,12
11/13 02:27:58,새송이(새송이버섯(일반)),1kg,2650,42
11/13 02:27:51,새송이(새송이버섯(일반)),1kg,3000,33
11/13 02:27:45,새송이(새송이버섯(일반)),1kg,3250,30
11/13 02:27:32,새송이(새송이버섯(일반)),1kg,3500,3
11/13 02:26:37,새송이(새송이버섯(일반)),1kg,2250,2
11/13 02:25:27,새송이(새송이버섯(일반)),1kg,1750,60
11/13 02:24:48,새송이(새송이버섯(일반)),1kg,3300,40
11/13 02:24:37,새송이(새송이버섯(일반)),1kg,3150,40
